#  Energy [MeV]      gamma [b]    neutron [b]     proton [b]      alpha [b]
   8.897202e-01   0.000000e+00   0.000000e+00   0.000000e+00   0.000000e+00
   9.008549e-01   0.000000e+00   0.000000e+00   0.000000e+00   0.000000e+00
   9.129808e-01   0.000000e+00   0.000000e+00   0.000000e+00   0.000000e+00
   9.261862e-01   0.000000e+00   0.000000e+00   0.000000e+00   0.000000e+00
   9.405672e-01   0.000000e+00   0.000000e+00   0.000000e+00   0.000000e+00
   9.562284e-01   0.000000e+00   0.000000e+00   0.000000e+00   0.000000e+00
   9.732839e-01   0.000000e+00   0.000000e+00   0.000000e+00   0.000000e+00
   9.918577e-01   0.000000e+00   0.000000e+00   0.000000e+00   0.000000e+00
   1.012085e+00   0.000000e+00   0.000000e+00   0.000000e+00   0.000000e+00
   1.034113e+00   0.000000e+00   0.000000e+00   0.000000e+00   0.000000e+00
   1.058102e+00   0.000000e+00   0.000000e+00   0.000000e+00   0.000000e+00
   1.084226e+00   0.000000e+00   0.000000e+00   0.000000e+00   0.000000e+00
   1.112677e+00   0.000000e+00   0.000000e+00   0.000000e+00   0.000000e+00
   1.143660e+00   0.000000e+00   0.000000e+00   0.000000e+00   0.000000e+00
   1.177401e+00   0.000000e+00   0.000000e+00   0.000000e+00   0.000000e+00
   1.214146e+00   0.000000e+00   0.000000e+00   0.000000e+00   0.000000e+00
   1.254162e+00   0.000000e+00   0.000000e+00   0.000000e+00   0.000000e+00
   1.297740e+00   0.000000e+00   0.000000e+00   0.000000e+00   0.000000e+00
   1.345198e+00   0.000000e+00   0.000000e+00   0.000000e+00   0.000000e+00
   1.396880e+00   0.000000e+00   0.000000e+00   0.000000e+00   0.000000e+00
   1.453164e+00   0.000000e+00   0.000000e+00   0.000000e+00   0.000000e+00
   1.514458e+00   0.000000e+00   0.000000e+00   0.000000e+00   0.000000e+00
   1.581209e+00   0.000000e+00   0.000000e+00   0.000000e+00   0.000000e+00
   1.653902e+00   0.000000e+00   0.000000e+00   0.000000e+00   0.000000e+00
   1.733066e+00   0.000000e+00   0.000000e+00   0.000000e+00   0.000000e+00
   1.819278e+00   0.000000e+00   0.000000e+00   0.000000e+00   0.000000e+00
   1.913165e+00   0.000000e+00   0.000000e+00   0.000000e+00   0.000000e+00
   2.015409e+00   0.000000e+00   0.000000e+00   0.000000e+00   0.000000e+00
   2.126756e+00   0.000000e+00   0.000000e+00   0.000000e+00   0.000000e+00
   2.248016e+00   0.000000e+00   0.000000e+00   0.000000e+00   0.000000e+00
   2.380070e+00   0.000000e+00   0.000000e+00   0.000000e+00   0.000000e+00
   2.523880e+00   0.000000e+00   0.000000e+00   0.000000e+00   0.000000e+00
   2.680492e+00   0.000000e+00   0.000000e+00   0.000000e+00   0.000000e+00
   2.851047e+00   0.000000e+00   0.000000e+00   0.000000e+00   0.000000e+00
   3.036785e+00   0.000000e+00   0.000000e+00   0.000000e+00   0.000000e+00
   3.239057e+00   0.000000e+00   0.000000e+00   0.000000e+00   0.000000e+00
   3.459337e+00   0.000000e+00   0.000000e+00   0.000000e+00   0.000000e+00
   3.699227e+00   0.000000e+00   0.000000e+00   0.000000e+00   0.000000e+00
   3.960472e+00   0.000000e+00   0.000000e+00   0.000000e+00   0.000000e+00
   4.244974e+00   1.782133e-17   0.000000e+00   0.000000e+00   0.000000e+00
   4.554803e+00   4.943882e-16   0.000000e+00   0.000000e+00   0.000000e+00
   4.892215e+00   1.016952e-14   0.000000e+00   0.000000e+00   0.000000e+00
   5.259663e+00   1.752070e-13   0.000000e+00   0.000000e+00   0.000000e+00
   5.659823e+00   2.753842e-12   0.000000e+00   0.000000e+00   1.212423e-24
   6.095607e+00   3.915105e-11   0.000000e+00   0.000000e+00   4.162950e-22
   6.513235e+00   3.755434e-10   0.000000e+00   0.000000e+00   5.270412e-20
   6.546456e+00   4.448243e-10   0.000000e+00   0.000000e+00   7.536642e-20
   6.570185e+00   4.640911e-10   3.735097e-11   0.000000e+00   8.433653e-20
   6.873906e+00   2.359356e-10   1.947775e-09   0.000000e+00   1.452343e-19
   6.928480e+00   2.383442e-10   2.573858e-09   0.000000e+00   2.068989e-19
   6.987408e+00   2.357462e-10   3.445542e-09   0.000000e+00   2.959616e-19
   7.051037e+00   1.998937e-10   4.702168e-09   0.000000e+00   3.364843e-19
   7.119743e+00   1.841401e-10   6.461302e-09   0.000000e+00   4.227139e-19
   7.193929e+00   2.088253e-10   8.969218e-09   0.000000e+00   6.691337e-19
   7.274033e+00   2.317228e-10   1.269104e-08   0.000000e+00   1.067449e-18
   7.360528e+00   2.829185e-10   1.827941e-08   3.936448e-25   1.858796e-18
   7.453923e+00   3.431355e-10   2.687441e-08   1.164990e-23   3.608404e-18
   7.554768e+00   4.760572e-10   4.028537e-08   2.102701e-22   7.689614e-18
   7.663659e+00   6.835743e-10   6.169471e-08   3.186025e-21   1.678978e-17
   7.781236e+00   1.001318e-09   9.658781e-08   3.995398e-20   3.791477e-17
   7.908193e+00   1.489307e-09   1.546276e-07   4.294959e-19   8.874256e-17
   8.045278e+00   2.208261e-09   2.532153e-07   3.948255e-18   2.138789e-16
   8.193298e+00   3.368622e-09   4.240418e-07   3.232387e-17   5.434649e-16
   8.353128e+00   5.316928e-09   7.260644e-07   2.393979e-16   1.450963e-15
   8.525707e+00   8.672827e-09   1.270768e-06   1.622004e-15   4.046214e-15
   8.712055e+00   1.455920e-08   2.272359e-06   1.012759e-14   1.170581e-14
   9.365130e+00   7.785574e-08   1.465642e-05   1.563637e-12   3.295074e-13
   1.018730e+01   4.532245e-07   1.100016e-04   1.213992e-10   1.008746e-11
   1.122236e+01   2.618949e-06   9.040435e-04   4.542064e-09   2.901957e-10
   1.252541e+01   1.465861e-05   7.350647e-03   9.165849e-08   7.222808e-09
   1.416587e+01   6.948225e-05   4.921418e-02   1.466647e-06   1.252300e-07
   1.623107e+01   2.126657e-04   2.022001e-01   1.665282e-05   1.166452e-06
   1.883101e+01   3.646716e-04   4.387864e-01   8.354504e-05   6.627755e-06
   2.210414e+01   3.899210e-04   5.595493e-01   2.193664e-04   2.569880e-05
   2.622477e+01   3.226119e-04   5.159450e-01   3.888747e-04   6.597228e-05
   3.141233e+01   2.617444e-04   4.353652e-01   5.937565e-04   1.348651e-04
   3.794308e+01   2.207153e-04   3.604900e-01   8.500976e-04   2.404876e-04
