# fe1_the_012_031_photoabs_h_SMLO.dat                    
#
# Z = 12, A = 31
#
# Parameters:  Er1 = 20.620,  Wr1 =  6.399,  S1 =   1.200,  beta=  0.000
# No. of entries:  300
# Col 1: photon energy E in MeV
# Col 2-11: E1 photoabsorption PSF (fe1 in MeV^-3) for nucleus at the temperatures T=0-2 MeV
# Format: f9.3, 11e12.3
# Authors:  V.A.Plujko, O.M. Gorbachenko, K.M. Solodovnyk (TSNU)
#   E         T=0.0       T=0.2       T=0.4       T=0.6       T=0.8       T=1.0       T=1.2       T=1.4       T=1.6       T=1.8       T=2.0
    0.100   0.502E-12   0.225E-11   0.922E-11   0.258E-10   0.566E-10   0.106E-09   0.179E-09   0.281E-09   0.414E-09   0.586E-09   0.799E-09
    0.200   0.201E-11   0.439E-11   0.129E-10   0.315E-10   0.647E-10   0.117E-09   0.193E-09   0.298E-09   0.436E-09   0.611E-09   0.829E-09
    0.300   0.452E-11   0.730E-11   0.173E-10   0.379E-10   0.735E-10   0.129E-09   0.208E-09   0.317E-09   0.458E-09   0.638E-09   0.861E-09
    0.400   0.804E-11   0.111E-10   0.225E-10   0.450E-10   0.830E-10   0.141E-09   0.224E-09   0.336E-09   0.482E-09   0.666E-09   0.893E-09
    0.500   0.126E-10   0.158E-10   0.284E-10   0.529E-10   0.933E-10   0.154E-09   0.240E-09   0.356E-09   0.506E-09   0.695E-09   0.927E-09
    0.600   0.181E-10   0.215E-10   0.352E-10   0.615E-10   0.104E-09   0.168E-09   0.257E-09   0.377E-09   0.531E-09   0.724E-09   0.961E-09
    0.700   0.247E-10   0.282E-10   0.429E-10   0.711E-10   0.116E-09   0.183E-09   0.275E-09   0.399E-09   0.557E-09   0.755E-09   0.997E-09
    0.800   0.322E-10   0.360E-10   0.515E-10   0.815E-10   0.129E-09   0.199E-09   0.294E-09   0.421E-09   0.584E-09   0.786E-09   0.103E-08
    0.900   0.408E-10   0.448E-10   0.612E-10   0.928E-10   0.143E-09   0.215E-09   0.314E-09   0.445E-09   0.612E-09   0.819E-09   0.107E-08
    1.000   0.504E-10   0.547E-10   0.718E-10   0.105E-09   0.157E-09   0.233E-09   0.335E-09   0.470E-09   0.640E-09   0.852E-09   0.111E-08
    1.100   0.611E-10   0.656E-10   0.834E-10   0.118E-09   0.173E-09   0.251E-09   0.357E-09   0.495E-09   0.670E-09   0.887E-09   0.115E-08
    1.200   0.728E-10   0.776E-10   0.961E-10   0.133E-09   0.189E-09   0.270E-09   0.380E-09   0.522E-09   0.701E-09   0.923E-09   0.119E-08
    1.300   0.855E-10   0.907E-10   0.110E-09   0.148E-09   0.207E-09   0.291E-09   0.403E-09   0.549E-09   0.733E-09   0.960E-09   0.123E-08
    1.400   0.993E-10   0.105E-09   0.125E-09   0.164E-09   0.225E-09   0.312E-09   0.428E-09   0.578E-09   0.766E-09   0.998E-09   0.128E-08
    1.500   0.114E-09   0.120E-09   0.141E-09   0.182E-09   0.245E-09   0.334E-09   0.454E-09   0.608E-09   0.801E-09   0.104E-08   0.132E-08
    1.600   0.130E-09   0.136E-09   0.158E-09   0.200E-09   0.266E-09   0.358E-09   0.481E-09   0.639E-09   0.836E-09   0.108E-08   0.137E-08
    1.700   0.147E-09   0.154E-09   0.176E-09   0.220E-09   0.287E-09   0.383E-09   0.509E-09   0.671E-09   0.873E-09   0.112E-08   0.141E-08
    1.800   0.165E-09   0.172E-09   0.195E-09   0.240E-09   0.310E-09   0.408E-09   0.538E-09   0.704E-09   0.910E-09   0.116E-08   0.146E-08
    1.900   0.184E-09   0.192E-09   0.216E-09   0.262E-09   0.334E-09   0.435E-09   0.569E-09   0.738E-09   0.949E-09   0.121E-08   0.151E-08
    2.000   0.205E-09   0.212E-09   0.238E-09   0.285E-09   0.359E-09   0.463E-09   0.600E-09   0.774E-09   0.990E-09   0.125E-08   0.156E-08
    2.100   0.226E-09   0.234E-09   0.260E-09   0.310E-09   0.386E-09   0.492E-09   0.633E-09   0.811E-09   0.103E-08   0.130E-08   0.162E-08
    2.200   0.249E-09   0.257E-09   0.284E-09   0.335E-09   0.413E-09   0.523E-09   0.667E-09   0.849E-09   0.107E-08   0.135E-08   0.167E-08
    2.300   0.272E-09   0.281E-09   0.310E-09   0.362E-09   0.442E-09   0.555E-09   0.702E-09   0.888E-09   0.112E-08   0.140E-08   0.172E-08
    2.400   0.297E-09   0.307E-09   0.336E-09   0.390E-09   0.472E-09   0.587E-09   0.738E-09   0.929E-09   0.116E-08   0.145E-08   0.178E-08
    2.500   0.323E-09   0.333E-09   0.363E-09   0.419E-09   0.504E-09   0.622E-09   0.776E-09   0.971E-09   0.121E-08   0.150E-08   0.184E-08
    2.600   0.350E-09   0.361E-09   0.392E-09   0.449E-09   0.536E-09   0.657E-09   0.815E-09   0.101E-08   0.126E-08   0.155E-08   0.190E-08
    2.700   0.379E-09   0.390E-09   0.422E-09   0.481E-09   0.570E-09   0.694E-09   0.856E-09   0.106E-08   0.131E-08   0.161E-08   0.196E-08
    2.800   0.408E-09   0.420E-09   0.454E-09   0.514E-09   0.605E-09   0.732E-09   0.898E-09   0.111E-08   0.136E-08   0.166E-08   0.202E-08
    2.900   0.439E-09   0.451E-09   0.486E-09   0.548E-09   0.642E-09   0.772E-09   0.941E-09   0.115E-08   0.141E-08   0.172E-08   0.209E-08
    3.000   0.472E-09   0.484E-09   0.520E-09   0.584E-09   0.680E-09   0.813E-09   0.986E-09   0.120E-08   0.147E-08   0.178E-08   0.216E-08
    3.100   0.505E-09   0.517E-09   0.555E-09   0.621E-09   0.719E-09   0.855E-09   0.103E-08   0.125E-08   0.152E-08   0.184E-08   0.222E-08
    3.200   0.540E-09   0.553E-09   0.592E-09   0.659E-09   0.760E-09   0.899E-09   0.108E-08   0.131E-08   0.158E-08   0.191E-08   0.229E-08
    3.300   0.576E-09   0.589E-09   0.629E-09   0.699E-09   0.802E-09   0.945E-09   0.113E-08   0.136E-08   0.164E-08   0.197E-08   0.236E-08
    3.400   0.613E-09   0.627E-09   0.669E-09   0.740E-09   0.846E-09   0.991E-09   0.118E-08   0.141E-08   0.170E-08   0.204E-08   0.244E-08
    3.500   0.652E-09   0.666E-09   0.709E-09   0.783E-09   0.891E-09   0.104E-08   0.123E-08   0.147E-08   0.176E-08   0.211E-08   0.251E-08
    3.600   0.692E-09   0.707E-09   0.751E-09   0.827E-09   0.938E-09   0.109E-08   0.129E-08   0.153E-08   0.183E-08   0.218E-08   0.259E-08
    3.700   0.734E-09   0.749E-09   0.794E-09   0.872E-09   0.986E-09   0.114E-08   0.134E-08   0.159E-08   0.189E-08   0.225E-08   0.267E-08
    3.800   0.777E-09   0.792E-09   0.839E-09   0.919E-09   0.104E-08   0.119E-08   0.140E-08   0.165E-08   0.196E-08   0.232E-08   0.275E-08
    3.900   0.821E-09   0.837E-09   0.886E-09   0.968E-09   0.109E-08   0.125E-08   0.146E-08   0.172E-08   0.203E-08   0.240E-08   0.283E-08
    4.000   0.867E-09   0.884E-09   0.934E-09   0.102E-08   0.114E-08   0.131E-08   0.152E-08   0.178E-08   0.210E-08   0.248E-08   0.292E-08
    4.100   0.915E-09   0.932E-09   0.983E-09   0.107E-08   0.119E-08   0.136E-08   0.158E-08   0.185E-08   0.217E-08   0.256E-08   0.301E-08
    4.200   0.964E-09   0.981E-09   0.103E-08   0.112E-08   0.125E-08   0.142E-08   0.165E-08   0.192E-08   0.225E-08   0.264E-08   0.310E-08
    4.300   0.101E-08   0.103E-08   0.109E-08   0.118E-08   0.131E-08   0.149E-08   0.171E-08   0.199E-08   0.233E-08   0.273E-08   0.319E-08
    4.400   0.107E-08   0.109E-08   0.114E-08   0.123E-08   0.137E-08   0.155E-08   0.178E-08   0.206E-08   0.241E-08   0.281E-08   0.328E-08
    4.500   0.112E-08   0.114E-08   0.120E-08   0.129E-08   0.143E-08   0.161E-08   0.185E-08   0.214E-08   0.249E-08   0.290E-08   0.338E-08
    4.600   0.118E-08   0.120E-08   0.125E-08   0.135E-08   0.149E-08   0.168E-08   0.192E-08   0.222E-08   0.257E-08   0.299E-08   0.348E-08
    4.700   0.123E-08   0.125E-08   0.131E-08   0.141E-08   0.156E-08   0.175E-08   0.200E-08   0.230E-08   0.266E-08   0.308E-08   0.358E-08
    4.800   0.129E-08   0.131E-08   0.137E-08   0.148E-08   0.163E-08   0.182E-08   0.207E-08   0.238E-08   0.275E-08   0.318E-08   0.368E-08
    4.900   0.135E-08   0.137E-08   0.144E-08   0.154E-08   0.170E-08   0.190E-08   0.215E-08   0.246E-08   0.284E-08   0.328E-08   0.379E-08
    5.000   0.142E-08   0.144E-08   0.150E-08   0.161E-08   0.177E-08   0.197E-08   0.223E-08   0.255E-08   0.293E-08   0.338E-08   0.390E-08
    5.100   0.148E-08   0.150E-08   0.157E-08   0.168E-08   0.184E-08   0.205E-08   0.231E-08   0.264E-08   0.303E-08   0.348E-08   0.401E-08
    5.200   0.155E-08   0.157E-08   0.164E-08   0.175E-08   0.191E-08   0.213E-08   0.240E-08   0.273E-08   0.312E-08   0.359E-08   0.412E-08
    5.300   0.162E-08   0.164E-08   0.171E-08   0.183E-08   0.199E-08   0.221E-08   0.248E-08   0.282E-08   0.322E-08   0.370E-08   0.424E-08
    5.400   0.169E-08   0.171E-08   0.178E-08   0.190E-08   0.207E-08   0.229E-08   0.257E-08   0.292E-08   0.333E-08   0.381E-08   0.436E-08
    5.500   0.176E-08   0.178E-08   0.186E-08   0.198E-08   0.215E-08   0.238E-08   0.267E-08   0.302E-08   0.343E-08   0.392E-08   0.448E-08
    5.600   0.183E-08   0.186E-08   0.193E-08   0.206E-08   0.224E-08   0.247E-08   0.276E-08   0.312E-08   0.354E-08   0.404E-08   0.461E-08
    5.700   0.191E-08   0.194E-08   0.201E-08   0.214E-08   0.232E-08   0.256E-08   0.286E-08   0.322E-08   0.365E-08   0.416E-08   0.474E-08
    5.800   0.199E-08   0.202E-08   0.209E-08   0.223E-08   0.241E-08   0.265E-08   0.296E-08   0.333E-08   0.377E-08   0.428E-08   0.487E-08
    5.900   0.207E-08   0.210E-08   0.218E-08   0.231E-08   0.250E-08   0.275E-08   0.306E-08   0.344E-08   0.388E-08   0.440E-08   0.501E-08
    6.000   0.216E-08   0.218E-08   0.227E-08   0.240E-08   0.260E-08   0.285E-08   0.316E-08   0.355E-08   0.400E-08   0.453E-08   0.515E-08
    6.100   0.224E-08   0.227E-08   0.235E-08   0.249E-08   0.269E-08   0.295E-08   0.327E-08   0.366E-08   0.413E-08   0.467E-08   0.529E-08
    6.200   0.233E-08   0.236E-08   0.244E-08   0.259E-08   0.279E-08   0.305E-08   0.338E-08   0.378E-08   0.425E-08   0.480E-08   0.543E-08
    6.300   0.242E-08   0.245E-08   0.254E-08   0.269E-08   0.289E-08   0.316E-08   0.350E-08   0.390E-08   0.438E-08   0.494E-08   0.558E-08
    6.400   0.252E-08   0.255E-08   0.264E-08   0.279E-08   0.300E-08   0.327E-08   0.361E-08   0.402E-08   0.451E-08   0.508E-08   0.574E-08
    6.500   0.261E-08   0.264E-08   0.273E-08   0.289E-08   0.310E-08   0.338E-08   0.373E-08   0.415E-08   0.465E-08   0.523E-08   0.589E-08
    6.600   0.271E-08   0.274E-08   0.284E-08   0.299E-08   0.321E-08   0.350E-08   0.385E-08   0.428E-08   0.479E-08   0.538E-08   0.605E-08
    6.700   0.281E-08   0.285E-08   0.294E-08   0.310E-08   0.333E-08   0.362E-08   0.398E-08   0.442E-08   0.493E-08   0.553E-08   0.622E-08
    6.800   0.292E-08   0.295E-08   0.305E-08   0.321E-08   0.344E-08   0.374E-08   0.411E-08   0.455E-08   0.508E-08   0.569E-08   0.639E-08
    6.900   0.303E-08   0.306E-08   0.316E-08   0.333E-08   0.356E-08   0.387E-08   0.424E-08   0.470E-08   0.523E-08   0.585E-08   0.656E-08
    7.000   0.314E-08   0.317E-08   0.327E-08   0.344E-08   0.368E-08   0.399E-08   0.438E-08   0.484E-08   0.539E-08   0.602E-08   0.674E-08
    7.100   0.325E-08   0.329E-08   0.339E-08   0.357E-08   0.381E-08   0.413E-08   0.452E-08   0.499E-08   0.554E-08   0.619E-08   0.692E-08
    7.200   0.337E-08   0.340E-08   0.351E-08   0.369E-08   0.394E-08   0.426E-08   0.466E-08   0.514E-08   0.571E-08   0.636E-08   0.710E-08
    7.300   0.349E-08   0.353E-08   0.364E-08   0.382E-08   0.407E-08   0.440E-08   0.481E-08   0.530E-08   0.587E-08   0.654E-08   0.730E-08
    7.400   0.361E-08   0.365E-08   0.376E-08   0.395E-08   0.421E-08   0.455E-08   0.496E-08   0.546E-08   0.605E-08   0.672E-08   0.749E-08
    7.500   0.374E-08   0.378E-08   0.389E-08   0.408E-08   0.435E-08   0.469E-08   0.512E-08   0.563E-08   0.622E-08   0.691E-08   0.769E-08
    7.600   0.387E-08   0.391E-08   0.403E-08   0.422E-08   0.449E-08   0.485E-08   0.528E-08   0.579E-08   0.640E-08   0.710E-08   0.790E-08
    7.700   0.401E-08   0.405E-08   0.417E-08   0.437E-08   0.464E-08   0.500E-08   0.544E-08   0.597E-08   0.659E-08   0.730E-08   0.811E-08
    7.800   0.415E-08   0.419E-08   0.431E-08   0.451E-08   0.480E-08   0.516E-08   0.561E-08   0.615E-08   0.678E-08   0.750E-08   0.833E-08
    7.900   0.429E-08   0.433E-08   0.446E-08   0.466E-08   0.495E-08   0.533E-08   0.578E-08   0.633E-08   0.697E-08   0.771E-08   0.855E-08
    8.000   0.444E-08   0.448E-08   0.461E-08   0.482E-08   0.511E-08   0.549E-08   0.596E-08   0.652E-08   0.717E-08   0.792E-08   0.878E-08
    8.100   0.459E-08   0.463E-08   0.476E-08   0.498E-08   0.528E-08   0.567E-08   0.614E-08   0.671E-08   0.738E-08   0.814E-08   0.901E-08
    8.200   0.475E-08   0.479E-08   0.492E-08   0.514E-08   0.545E-08   0.585E-08   0.633E-08   0.691E-08   0.759E-08   0.837E-08   0.925E-08
    8.300   0.491E-08   0.495E-08   0.509E-08   0.531E-08   0.563E-08   0.603E-08   0.653E-08   0.712E-08   0.781E-08   0.860E-08   0.949E-08
    8.400   0.507E-08   0.512E-08   0.526E-08   0.549E-08   0.581E-08   0.622E-08   0.672E-08   0.733E-08   0.803E-08   0.883E-08   0.975E-08
    8.500   0.524E-08   0.529E-08   0.543E-08   0.566E-08   0.599E-08   0.641E-08   0.693E-08   0.754E-08   0.826E-08   0.908E-08   0.100E-07
    8.600   0.542E-08   0.547E-08   0.561E-08   0.585E-08   0.618E-08   0.661E-08   0.714E-08   0.776E-08   0.849E-08   0.933E-08   0.103E-07
    8.700   0.560E-08   0.565E-08   0.579E-08   0.604E-08   0.638E-08   0.682E-08   0.735E-08   0.799E-08   0.873E-08   0.958E-08   0.105E-07
    8.800   0.578E-08   0.583E-08   0.598E-08   0.623E-08   0.658E-08   0.703E-08   0.757E-08   0.823E-08   0.898E-08   0.985E-08   0.108E-07
    8.900   0.598E-08   0.603E-08   0.618E-08   0.643E-08   0.679E-08   0.724E-08   0.780E-08   0.847E-08   0.924E-08   0.101E-07   0.111E-07
    9.000   0.617E-08   0.622E-08   0.638E-08   0.664E-08   0.700E-08   0.747E-08   0.804E-08   0.871E-08   0.950E-08   0.104E-07   0.114E-07
    9.100   0.638E-08   0.643E-08   0.659E-08   0.685E-08   0.722E-08   0.770E-08   0.828E-08   0.897E-08   0.977E-08   0.107E-07   0.117E-07
    9.200   0.658E-08   0.664E-08   0.680E-08   0.707E-08   0.745E-08   0.793E-08   0.853E-08   0.923E-08   0.100E-07   0.110E-07   0.120E-07
    9.300   0.680E-08   0.685E-08   0.702E-08   0.730E-08   0.768E-08   0.818E-08   0.878E-08   0.950E-08   0.103E-07   0.113E-07   0.123E-07
    9.400   0.702E-08   0.708E-08   0.725E-08   0.753E-08   0.792E-08   0.843E-08   0.904E-08   0.977E-08   0.106E-07   0.116E-07   0.127E-07
    9.500   0.725E-08   0.731E-08   0.748E-08   0.777E-08   0.817E-08   0.869E-08   0.931E-08   0.101E-07   0.109E-07   0.119E-07   0.130E-07
    9.600   0.749E-08   0.754E-08   0.772E-08   0.801E-08   0.842E-08   0.895E-08   0.959E-08   0.104E-07   0.112E-07   0.122E-07   0.134E-07
    9.700   0.773E-08   0.779E-08   0.797E-08   0.827E-08   0.869E-08   0.922E-08   0.988E-08   0.107E-07   0.115E-07   0.126E-07   0.137E-07
    9.800   0.798E-08   0.804E-08   0.822E-08   0.853E-08   0.896E-08   0.951E-08   0.102E-07   0.110E-07   0.119E-07   0.129E-07   0.141E-07
    9.900   0.824E-08   0.830E-08   0.849E-08   0.880E-08   0.924E-08   0.980E-08   0.105E-07   0.113E-07   0.122E-07   0.133E-07   0.144E-07
   10.000   0.850E-08   0.857E-08   0.876E-08   0.908E-08   0.952E-08   0.101E-07   0.108E-07   0.116E-07   0.126E-07   0.136E-07   0.148E-07
   10.100   0.878E-08   0.884E-08   0.904E-08   0.937E-08   0.982E-08   0.104E-07   0.111E-07   0.120E-07   0.129E-07   0.140E-07   0.152E-07
   10.200   0.906E-08   0.913E-08   0.933E-08   0.966E-08   0.101E-07   0.107E-07   0.114E-07   0.123E-07   0.133E-07   0.144E-07   0.156E-07
   10.300   0.936E-08   0.942E-08   0.963E-08   0.997E-08   0.104E-07   0.110E-07   0.118E-07   0.127E-07   0.137E-07   0.148E-07   0.161E-07
   10.400   0.966E-08   0.973E-08   0.994E-08   0.103E-07   0.108E-07   0.114E-07   0.121E-07   0.130E-07   0.140E-07   0.152E-07   0.165E-07
   10.500   0.997E-08   0.100E-07   0.103E-07   0.106E-07   0.111E-07   0.117E-07   0.125E-07   0.134E-07   0.145E-07   0.156E-07   0.169E-07
   10.600   0.103E-07   0.104E-07   0.106E-07   0.109E-07   0.114E-07   0.121E-07   0.129E-07   0.138E-07   0.149E-07   0.161E-07   0.174E-07
   10.700   0.106E-07   0.107E-07   0.109E-07   0.113E-07   0.118E-07   0.125E-07   0.133E-07   0.142E-07   0.153E-07   0.165E-07   0.179E-07
   10.800   0.110E-07   0.110E-07   0.113E-07   0.116E-07   0.122E-07   0.128E-07   0.137E-07   0.146E-07   0.157E-07   0.170E-07   0.184E-07
   10.900   0.113E-07   0.114E-07   0.116E-07   0.120E-07   0.126E-07   0.132E-07   0.141E-07   0.151E-07   0.162E-07   0.174E-07   0.189E-07
   11.000   0.117E-07   0.118E-07   0.120E-07   0.124E-07   0.129E-07   0.136E-07   0.145E-07   0.155E-07   0.166E-07   0.179E-07   0.194E-07
   11.100   0.121E-07   0.121E-07   0.124E-07   0.128E-07   0.134E-07   0.141E-07   0.149E-07   0.160E-07   0.171E-07   0.184E-07   0.199E-07
   11.200   0.125E-07   0.125E-07   0.128E-07   0.132E-07   0.138E-07   0.145E-07   0.154E-07   0.164E-07   0.176E-07   0.190E-07   0.204E-07
   11.300   0.129E-07   0.129E-07   0.132E-07   0.136E-07   0.142E-07   0.149E-07   0.159E-07   0.169E-07   0.181E-07   0.195E-07   0.210E-07
   11.400   0.133E-07   0.134E-07   0.136E-07   0.141E-07   0.147E-07   0.154E-07   0.163E-07   0.174E-07   0.187E-07   0.200E-07   0.216E-07
   11.500   0.137E-07   0.138E-07   0.141E-07   0.145E-07   0.151E-07   0.159E-07   0.168E-07   0.179E-07   0.192E-07   0.206E-07   0.222E-07
   11.600   0.142E-07   0.143E-07   0.145E-07   0.150E-07   0.156E-07   0.164E-07   0.173E-07   0.185E-07   0.198E-07   0.212E-07   0.228E-07
   11.700   0.146E-07   0.147E-07   0.150E-07   0.155E-07   0.161E-07   0.169E-07   0.179E-07   0.190E-07   0.203E-07   0.218E-07   0.234E-07
   11.800   0.151E-07   0.152E-07   0.155E-07   0.159E-07   0.166E-07   0.174E-07   0.184E-07   0.196E-07   0.209E-07   0.224E-07   0.241E-07
   11.900   0.156E-07   0.157E-07   0.160E-07   0.165E-07   0.171E-07   0.180E-07   0.190E-07   0.202E-07   0.215E-07   0.231E-07   0.247E-07
   12.000   0.161E-07   0.162E-07   0.165E-07   0.170E-07   0.177E-07   0.185E-07   0.196E-07   0.208E-07   0.222E-07   0.237E-07   0.254E-07
   12.100   0.167E-07   0.168E-07   0.171E-07   0.176E-07   0.182E-07   0.191E-07   0.202E-07   0.214E-07   0.228E-07   0.244E-07   0.261E-07
   12.200   0.172E-07   0.173E-07   0.176E-07   0.181E-07   0.188E-07   0.197E-07   0.208E-07   0.221E-07   0.235E-07   0.251E-07   0.269E-07
   12.300   0.178E-07   0.179E-07   0.182E-07   0.187E-07   0.194E-07   0.204E-07   0.215E-07   0.228E-07   0.242E-07   0.258E-07   0.276E-07
   12.400   0.184E-07   0.185E-07   0.188E-07   0.193E-07   0.201E-07   0.210E-07   0.221E-07   0.234E-07   0.249E-07   0.266E-07   0.284E-07
   12.500   0.190E-07   0.191E-07   0.194E-07   0.200E-07   0.207E-07   0.217E-07   0.228E-07   0.242E-07   0.257E-07   0.274E-07   0.292E-07
   12.600   0.196E-07   0.197E-07   0.201E-07   0.206E-07   0.214E-07   0.224E-07   0.235E-07   0.249E-07   0.265E-07   0.282E-07   0.300E-07
   12.700   0.203E-07   0.204E-07   0.207E-07   0.213E-07   0.221E-07   0.231E-07   0.243E-07   0.257E-07   0.273E-07   0.290E-07   0.309E-07
   12.800   0.210E-07   0.211E-07   0.214E-07   0.220E-07   0.228E-07   0.238E-07   0.251E-07   0.265E-07   0.281E-07   0.299E-07   0.318E-07
   12.900   0.217E-07   0.218E-07   0.222E-07   0.228E-07   0.236E-07   0.246E-07   0.259E-07   0.273E-07   0.289E-07   0.307E-07   0.327E-07
   13.000   0.224E-07   0.226E-07   0.229E-07   0.235E-07   0.243E-07   0.254E-07   0.267E-07   0.282E-07   0.298E-07   0.317E-07   0.336E-07
   13.100   0.232E-07   0.233E-07   0.237E-07   0.243E-07   0.252E-07   0.262E-07   0.275E-07   0.290E-07   0.307E-07   0.326E-07   0.346E-07
   13.200   0.240E-07   0.241E-07   0.245E-07   0.251E-07   0.260E-07   0.271E-07   0.284E-07   0.300E-07   0.317E-07   0.336E-07   0.356E-07
   13.300   0.248E-07   0.250E-07   0.253E-07   0.260E-07   0.269E-07   0.280E-07   0.293E-07   0.309E-07   0.327E-07   0.346E-07   0.366E-07
   13.400   0.257E-07   0.258E-07   0.262E-07   0.269E-07   0.278E-07   0.289E-07   0.303E-07   0.319E-07   0.337E-07   0.356E-07   0.377E-07
   13.500   0.266E-07   0.267E-07   0.271E-07   0.278E-07   0.287E-07   0.299E-07   0.313E-07   0.329E-07   0.347E-07   0.367E-07   0.388E-07
   13.600   0.275E-07   0.277E-07   0.281E-07   0.287E-07   0.297E-07   0.309E-07   0.323E-07   0.340E-07   0.358E-07   0.378E-07   0.399E-07
   13.700   0.285E-07   0.286E-07   0.290E-07   0.297E-07   0.307E-07   0.319E-07   0.334E-07   0.351E-07   0.369E-07   0.390E-07   0.411E-07
   13.800   0.295E-07   0.296E-07   0.301E-07   0.308E-07   0.318E-07   0.330E-07   0.345E-07   0.362E-07   0.381E-07   0.401E-07   0.423E-07
   13.900   0.305E-07   0.307E-07   0.311E-07   0.319E-07   0.329E-07   0.341E-07   0.356E-07   0.374E-07   0.393E-07   0.414E-07   0.436E-07
   14.000   0.316E-07   0.318E-07   0.322E-07   0.330E-07   0.340E-07   0.353E-07   0.368E-07   0.386E-07   0.405E-07   0.426E-07   0.449E-07
   14.100   0.328E-07   0.329E-07   0.334E-07   0.341E-07   0.352E-07   0.365E-07   0.381E-07   0.398E-07   0.418E-07   0.439E-07   0.462E-07
   14.200   0.340E-07   0.341E-07   0.346E-07   0.354E-07   0.364E-07   0.377E-07   0.393E-07   0.411E-07   0.431E-07   0.453E-07   0.476E-07
   14.300   0.352E-07   0.354E-07   0.358E-07   0.366E-07   0.377E-07   0.391E-07   0.407E-07   0.425E-07   0.445E-07   0.467E-07   0.490E-07
   14.400   0.365E-07   0.366E-07   0.371E-07   0.379E-07   0.390E-07   0.404E-07   0.420E-07   0.439E-07   0.460E-07   0.482E-07   0.505E-07
   14.500   0.378E-07   0.380E-07   0.385E-07   0.393E-07   0.404E-07   0.418E-07   0.435E-07   0.454E-07   0.474E-07   0.497E-07   0.520E-07
   14.600   0.392E-07   0.394E-07   0.399E-07   0.407E-07   0.419E-07   0.433E-07   0.450E-07   0.469E-07   0.490E-07   0.512E-07   0.535E-07
   14.700   0.407E-07   0.408E-07   0.414E-07   0.422E-07   0.434E-07   0.448E-07   0.465E-07   0.485E-07   0.506E-07   0.528E-07   0.551E-07
   14.800   0.422E-07   0.424E-07   0.429E-07   0.437E-07   0.449E-07   0.464E-07   0.481E-07   0.501E-07   0.522E-07   0.545E-07   0.568E-07
   14.900   0.438E-07   0.440E-07   0.445E-07   0.454E-07   0.466E-07   0.480E-07   0.498E-07   0.518E-07   0.539E-07   0.562E-07   0.585E-07
   15.000   0.454E-07   0.456E-07   0.461E-07   0.470E-07   0.482E-07   0.498E-07   0.515E-07   0.535E-07   0.557E-07   0.580E-07   0.603E-07
   15.100   0.472E-07   0.473E-07   0.479E-07   0.488E-07   0.500E-07   0.515E-07   0.533E-07   0.553E-07   0.575E-07   0.598E-07   0.621E-07
   15.200   0.490E-07   0.491E-07   0.497E-07   0.506E-07   0.519E-07   0.534E-07   0.552E-07   0.572E-07   0.594E-07   0.617E-07   0.640E-07
   15.300   0.508E-07   0.510E-07   0.516E-07   0.525E-07   0.538E-07   0.553E-07   0.572E-07   0.592E-07   0.614E-07   0.636E-07   0.659E-07
   15.400   0.528E-07   0.530E-07   0.536E-07   0.545E-07   0.558E-07   0.573E-07   0.592E-07   0.612E-07   0.634E-07   0.656E-07   0.679E-07
   15.500   0.548E-07   0.550E-07   0.556E-07   0.566E-07   0.578E-07   0.594E-07   0.613E-07   0.633E-07   0.655E-07   0.677E-07   0.699E-07
   15.600   0.570E-07   0.572E-07   0.578E-07   0.587E-07   0.600E-07   0.616E-07   0.635E-07   0.655E-07   0.676E-07   0.698E-07   0.720E-07
   15.700   0.592E-07   0.594E-07   0.600E-07   0.610E-07   0.623E-07   0.639E-07   0.657E-07   0.677E-07   0.699E-07   0.721E-07   0.742E-07
   15.800   0.615E-07   0.617E-07   0.623E-07   0.633E-07   0.646E-07   0.662E-07   0.681E-07   0.701E-07   0.722E-07   0.743E-07   0.764E-07
   15.900   0.640E-07   0.642E-07   0.648E-07   0.657E-07   0.671E-07   0.687E-07   0.705E-07   0.725E-07   0.746E-07   0.767E-07   0.787E-07
   16.000   0.665E-07   0.667E-07   0.673E-07   0.683E-07   0.696E-07   0.712E-07   0.730E-07   0.750E-07   0.770E-07   0.791E-07   0.810E-07
   16.100   0.692E-07   0.694E-07   0.700E-07   0.709E-07   0.722E-07   0.738E-07   0.756E-07   0.776E-07   0.796E-07   0.816E-07   0.834E-07
   16.200   0.719E-07   0.721E-07   0.727E-07   0.737E-07   0.750E-07   0.766E-07   0.784E-07   0.803E-07   0.822E-07   0.841E-07   0.858E-07
   16.300   0.748E-07   0.750E-07   0.756E-07   0.766E-07   0.779E-07   0.794E-07   0.812E-07   0.830E-07   0.849E-07   0.867E-07   0.884E-07
   16.400   0.778E-07   0.780E-07   0.786E-07   0.796E-07   0.808E-07   0.824E-07   0.841E-07   0.859E-07   0.877E-07   0.894E-07   0.909E-07
   16.500   0.809E-07   0.811E-07   0.817E-07   0.827E-07   0.839E-07   0.854E-07   0.871E-07   0.888E-07   0.905E-07   0.921E-07   0.935E-07
   16.600   0.842E-07   0.844E-07   0.850E-07   0.859E-07   0.871E-07   0.886E-07   0.902E-07   0.919E-07   0.935E-07   0.949E-07   0.962E-07
   16.700   0.876E-07   0.878E-07   0.884E-07   0.893E-07   0.905E-07   0.919E-07   0.934E-07   0.950E-07   0.965E-07   0.978E-07   0.989E-07
   16.800   0.911E-07   0.913E-07   0.919E-07   0.928E-07   0.939E-07   0.953E-07   0.967E-07   0.982E-07   0.996E-07   0.101E-06   0.102E-06
   16.900   0.948E-07   0.950E-07   0.955E-07   0.964E-07   0.975E-07   0.988E-07   0.100E-06   0.101E-06   0.103E-06   0.104E-06   0.104E-06
   17.000   0.986E-07   0.988E-07   0.993E-07   0.100E-06   0.101E-06   0.102E-06   0.104E-06   0.105E-06   0.106E-06   0.107E-06   0.107E-06
   17.100   0.103E-06   0.103E-06   0.103E-06   0.104E-06   0.105E-06   0.106E-06   0.107E-06   0.108E-06   0.109E-06   0.110E-06   0.110E-06
   17.200   0.107E-06   0.107E-06   0.107E-06   0.108E-06   0.109E-06   0.110E-06   0.111E-06   0.112E-06   0.113E-06   0.113E-06   0.113E-06
   17.300   0.111E-06   0.111E-06   0.112E-06   0.112E-06   0.113E-06   0.114E-06   0.115E-06   0.115E-06   0.116E-06   0.116E-06   0.116E-06
   17.400   0.115E-06   0.116E-06   0.116E-06   0.116E-06   0.117E-06   0.118E-06   0.119E-06   0.119E-06   0.119E-06   0.119E-06   0.119E-06
   17.500   0.120E-06   0.120E-06   0.120E-06   0.121E-06   0.121E-06   0.122E-06   0.123E-06   0.123E-06   0.123E-06   0.123E-06   0.122E-06
   17.600   0.125E-06   0.125E-06   0.125E-06   0.125E-06   0.126E-06   0.126E-06   0.127E-06   0.127E-06   0.126E-06   0.126E-06   0.125E-06
   17.700   0.129E-06   0.129E-06   0.130E-06   0.130E-06   0.130E-06   0.131E-06   0.131E-06   0.131E-06   0.130E-06   0.129E-06   0.128E-06
   17.800   0.134E-06   0.134E-06   0.135E-06   0.135E-06   0.135E-06   0.135E-06   0.135E-06   0.134E-06   0.134E-06   0.132E-06   0.131E-06
   17.900   0.139E-06   0.139E-06   0.139E-06   0.140E-06   0.140E-06   0.139E-06   0.139E-06   0.138E-06   0.137E-06   0.135E-06   0.133E-06
   18.000   0.145E-06   0.145E-06   0.145E-06   0.144E-06   0.144E-06   0.144E-06   0.143E-06   0.142E-06   0.141E-06   0.139E-06   0.136E-06
   18.100   0.150E-06   0.150E-06   0.150E-06   0.149E-06   0.149E-06   0.148E-06   0.147E-06   0.146E-06   0.144E-06   0.142E-06   0.139E-06
   18.200   0.155E-06   0.155E-06   0.155E-06   0.154E-06   0.154E-06   0.153E-06   0.152E-06   0.150E-06   0.148E-06   0.145E-06   0.142E-06
   18.300   0.160E-06   0.160E-06   0.160E-06   0.159E-06   0.159E-06   0.157E-06   0.156E-06   0.154E-06   0.151E-06   0.148E-06   0.144E-06
   18.400   0.166E-06   0.166E-06   0.165E-06   0.164E-06   0.163E-06   0.162E-06   0.160E-06   0.157E-06   0.154E-06   0.151E-06   0.147E-06
   18.500   0.171E-06   0.171E-06   0.170E-06   0.169E-06   0.168E-06   0.166E-06   0.164E-06   0.161E-06   0.158E-06   0.154E-06   0.149E-06
   18.600   0.176E-06   0.176E-06   0.175E-06   0.174E-06   0.173E-06   0.171E-06   0.168E-06   0.165E-06   0.161E-06   0.156E-06   0.152E-06
   18.700   0.182E-06   0.181E-06   0.181E-06   0.179E-06   0.177E-06   0.175E-06   0.172E-06   0.168E-06   0.164E-06   0.159E-06   0.154E-06
   18.800   0.187E-06   0.186E-06   0.186E-06   0.184E-06   0.182E-06   0.179E-06   0.175E-06   0.171E-06   0.167E-06   0.161E-06   0.156E-06
   18.900   0.192E-06   0.191E-06   0.190E-06   0.189E-06   0.186E-06   0.183E-06   0.179E-06   0.174E-06   0.169E-06   0.164E-06   0.158E-06
   19.000   0.197E-06   0.196E-06   0.195E-06   0.193E-06   0.190E-06   0.187E-06   0.182E-06   0.177E-06   0.172E-06   0.166E-06   0.159E-06
   19.100   0.201E-06   0.201E-06   0.199E-06   0.197E-06   0.194E-06   0.190E-06   0.185E-06   0.180E-06   0.174E-06   0.168E-06   0.161E-06
   19.200   0.205E-06   0.205E-06   0.203E-06   0.201E-06   0.198E-06   0.193E-06   0.188E-06   0.183E-06   0.176E-06   0.170E-06   0.162E-06
   19.300   0.209E-06   0.209E-06   0.207E-06   0.205E-06   0.201E-06   0.196E-06   0.191E-06   0.185E-06   0.178E-06   0.171E-06   0.164E-06
   19.400   0.213E-06   0.213E-06   0.211E-06   0.208E-06   0.204E-06   0.199E-06   0.193E-06   0.187E-06   0.180E-06   0.172E-06   0.165E-06
   19.500   0.216E-06   0.216E-06   0.214E-06   0.211E-06   0.207E-06   0.201E-06   0.195E-06   0.189E-06   0.181E-06   0.174E-06   0.166E-06
   19.600   0.219E-06   0.219E-06   0.217E-06   0.213E-06   0.209E-06   0.203E-06   0.197E-06   0.190E-06   0.182E-06   0.174E-06   0.166E-06
   19.700   0.222E-06   0.221E-06   0.219E-06   0.216E-06   0.211E-06   0.205E-06   0.199E-06   0.191E-06   0.183E-06   0.175E-06   0.167E-06
   19.800   0.224E-06   0.223E-06   0.221E-06   0.217E-06   0.212E-06   0.206E-06   0.200E-06   0.192E-06   0.184E-06   0.175E-06   0.167E-06
   19.900   0.225E-06   0.224E-06   0.222E-06   0.218E-06   0.213E-06   0.207E-06   0.200E-06   0.193E-06   0.184E-06   0.176E-06   0.167E-06
   20.000   0.226E-06   0.225E-06   0.223E-06   0.219E-06   0.214E-06   0.208E-06   0.201E-06   0.193E-06   0.184E-06   0.176E-06   0.167E-06
   20.100   0.227E-06   0.226E-06   0.224E-06   0.220E-06   0.214E-06   0.208E-06   0.201E-06   0.193E-06   0.184E-06   0.175E-06   0.166E-06
   20.200   0.227E-06   0.226E-06   0.224E-06   0.220E-06   0.214E-06   0.208E-06   0.200E-06   0.192E-06   0.184E-06   0.175E-06   0.166E-06
   20.300   0.226E-06   0.225E-06   0.223E-06   0.219E-06   0.214E-06   0.207E-06   0.200E-06   0.192E-06   0.183E-06   0.174E-06   0.165E-06
   20.400   0.225E-06   0.224E-06   0.222E-06   0.218E-06   0.213E-06   0.206E-06   0.199E-06   0.191E-06   0.182E-06   0.173E-06   0.164E-06
   20.500   0.224E-06   0.223E-06   0.221E-06   0.217E-06   0.211E-06   0.205E-06   0.197E-06   0.189E-06   0.181E-06   0.172E-06   0.163E-06
   20.600   0.222E-06   0.221E-06   0.219E-06   0.215E-06   0.210E-06   0.203E-06   0.196E-06   0.188E-06   0.179E-06   0.171E-06   0.162E-06
   20.700   0.220E-06   0.219E-06   0.217E-06   0.213E-06   0.208E-06   0.201E-06   0.194E-06   0.186E-06   0.178E-06   0.169E-06   0.160E-06
   20.800   0.217E-06   0.216E-06   0.214E-06   0.210E-06   0.205E-06   0.199E-06   0.192E-06   0.184E-06   0.176E-06   0.167E-06   0.159E-06
   20.900   0.214E-06   0.213E-06   0.211E-06   0.207E-06   0.202E-06   0.196E-06   0.189E-06   0.182E-06   0.174E-06   0.166E-06   0.157E-06
   21.000   0.211E-06   0.210E-06   0.208E-06   0.204E-06   0.200E-06   0.194E-06   0.187E-06   0.180E-06   0.172E-06   0.164E-06   0.155E-06
   21.100   0.207E-06   0.207E-06   0.204E-06   0.201E-06   0.196E-06   0.191E-06   0.184E-06   0.177E-06   0.169E-06   0.162E-06   0.154E-06
   21.200   0.203E-06   0.203E-06   0.201E-06   0.197E-06   0.193E-06   0.188E-06   0.181E-06   0.174E-06   0.167E-06   0.159E-06   0.152E-06
   21.300   0.200E-06   0.199E-06   0.197E-06   0.194E-06   0.189E-06   0.184E-06   0.178E-06   0.171E-06   0.164E-06   0.157E-06   0.149E-06
   21.400   0.195E-06   0.195E-06   0.193E-06   0.190E-06   0.186E-06   0.181E-06   0.175E-06   0.169E-06   0.162E-06   0.155E-06   0.147E-06
   21.500   0.191E-06   0.190E-06   0.189E-06   0.186E-06   0.182E-06   0.177E-06   0.172E-06   0.166E-06   0.159E-06   0.152E-06   0.145E-06
   21.600   0.187E-06   0.186E-06   0.184E-06   0.182E-06   0.178E-06   0.174E-06   0.168E-06   0.162E-06   0.156E-06   0.150E-06   0.143E-06
   21.700   0.182E-06   0.182E-06   0.180E-06   0.178E-06   0.174E-06   0.170E-06   0.165E-06   0.159E-06   0.153E-06   0.147E-06   0.140E-06
   21.800   0.178E-06   0.177E-06   0.176E-06   0.173E-06   0.170E-06   0.166E-06   0.161E-06   0.156E-06   0.150E-06   0.144E-06   0.138E-06
   21.900   0.173E-06   0.173E-06   0.171E-06   0.169E-06   0.166E-06   0.162E-06   0.158E-06   0.153E-06   0.147E-06   0.142E-06   0.136E-06
   22.000   0.169E-06   0.168E-06   0.167E-06   0.165E-06   0.162E-06   0.159E-06   0.154E-06   0.150E-06   0.144E-06   0.139E-06   0.133E-06
   22.100   0.164E-06   0.164E-06   0.163E-06   0.161E-06   0.158E-06   0.155E-06   0.151E-06   0.146E-06   0.141E-06   0.136E-06   0.131E-06
   22.200   0.160E-06   0.160E-06   0.158E-06   0.157E-06   0.154E-06   0.151E-06   0.147E-06   0.143E-06   0.138E-06   0.133E-06   0.128E-06
   22.300   0.156E-06   0.155E-06   0.154E-06   0.152E-06   0.150E-06   0.147E-06   0.144E-06   0.140E-06   0.135E-06   0.131E-06   0.126E-06
   22.400   0.151E-06   0.151E-06   0.150E-06   0.148E-06   0.146E-06   0.144E-06   0.140E-06   0.137E-06   0.133E-06   0.128E-06   0.123E-06
   22.500   0.147E-06   0.147E-06   0.146E-06   0.144E-06   0.142E-06   0.140E-06   0.137E-06   0.133E-06   0.130E-06   0.125E-06   0.121E-06
   22.600   0.143E-06   0.143E-06   0.142E-06   0.140E-06   0.139E-06   0.136E-06   0.134E-06   0.130E-06   0.127E-06   0.123E-06   0.119E-06
   22.700   0.139E-06   0.139E-06   0.138E-06   0.137E-06   0.135E-06   0.133E-06   0.130E-06   0.127E-06   0.124E-06   0.120E-06   0.116E-06
   22.800   0.135E-06   0.135E-06   0.134E-06   0.133E-06   0.131E-06   0.129E-06   0.127E-06   0.124E-06   0.121E-06   0.117E-06   0.114E-06
   22.900   0.131E-06   0.131E-06   0.130E-06   0.129E-06   0.128E-06   0.126E-06   0.124E-06   0.121E-06   0.118E-06   0.115E-06   0.111E-06
   23.000   0.127E-06   0.127E-06   0.127E-06   0.126E-06   0.124E-06   0.123E-06   0.121E-06   0.118E-06   0.115E-06   0.112E-06   0.109E-06
   23.100   0.124E-06   0.123E-06   0.123E-06   0.122E-06   0.121E-06   0.119E-06   0.118E-06   0.115E-06   0.113E-06   0.110E-06   0.107E-06
   23.200   0.120E-06   0.120E-06   0.119E-06   0.119E-06   0.118E-06   0.116E-06   0.115E-06   0.112E-06   0.110E-06   0.107E-06   0.105E-06
   23.300   0.117E-06   0.116E-06   0.116E-06   0.115E-06   0.114E-06   0.113E-06   0.112E-06   0.110E-06   0.108E-06   0.105E-06   0.102E-06
   23.400   0.113E-06   0.113E-06   0.113E-06   0.112E-06   0.111E-06   0.110E-06   0.109E-06   0.107E-06   0.105E-06   0.103E-06   0.100E-06
   23.500   0.110E-06   0.110E-06   0.110E-06   0.109E-06   0.108E-06   0.107E-06   0.106E-06   0.104E-06   0.103E-06   0.100E-06   0.980E-07
   23.600   0.107E-06   0.107E-06   0.107E-06   0.106E-06   0.105E-06   0.105E-06   0.103E-06   0.102E-06   0.100E-06   0.982E-07   0.959E-07
   23.700   0.104E-06   0.104E-06   0.104E-06   0.103E-06   0.103E-06   0.102E-06   0.101E-06   0.994E-07   0.978E-07   0.960E-07   0.939E-07
   23.800   0.101E-06   0.101E-06   0.101E-06   0.100E-06   0.999E-07   0.991E-07   0.982E-07   0.970E-07   0.955E-07   0.938E-07   0.919E-07
   23.900   0.983E-07   0.982E-07   0.980E-07   0.977E-07   0.972E-07   0.966E-07   0.957E-07   0.946E-07   0.933E-07   0.917E-07   0.899E-07
   24.000   0.956E-07   0.955E-07   0.953E-07   0.951E-07   0.946E-07   0.941E-07   0.933E-07   0.923E-07   0.911E-07   0.897E-07   0.880E-07
   24.100   0.929E-07   0.929E-07   0.928E-07   0.925E-07   0.922E-07   0.917E-07   0.910E-07   0.901E-07   0.890E-07   0.877E-07   0.861E-07
   24.200   0.904E-07   0.904E-07   0.903E-07   0.901E-07   0.898E-07   0.893E-07   0.887E-07   0.879E-07   0.869E-07   0.857E-07   0.843E-07
   24.300   0.880E-07   0.879E-07   0.879E-07   0.877E-07   0.874E-07   0.870E-07   0.865E-07   0.858E-07   0.849E-07   0.838E-07   0.825E-07
   24.400   0.856E-07   0.856E-07   0.855E-07   0.854E-07   0.852E-07   0.849E-07   0.844E-07   0.838E-07   0.830E-07   0.820E-07   0.808E-07
   24.500   0.834E-07   0.833E-07   0.833E-07   0.832E-07   0.830E-07   0.827E-07   0.823E-07   0.818E-07   0.811E-07   0.802E-07   0.791E-07
   24.600   0.812E-07   0.811E-07   0.811E-07   0.810E-07   0.809E-07   0.807E-07   0.803E-07   0.799E-07   0.792E-07   0.784E-07   0.774E-07
   24.700   0.790E-07   0.790E-07   0.790E-07   0.790E-07   0.789E-07   0.787E-07   0.784E-07   0.780E-07   0.774E-07   0.767E-07   0.758E-07
   24.800   0.770E-07   0.770E-07   0.770E-07   0.770E-07   0.769E-07   0.768E-07   0.765E-07   0.762E-07   0.757E-07   0.750E-07   0.742E-07
   24.900   0.750E-07   0.750E-07   0.750E-07   0.750E-07   0.750E-07   0.749E-07   0.747E-07   0.744E-07   0.740E-07   0.734E-07   0.727E-07
   25.000   0.731E-07   0.731E-07   0.732E-07   0.732E-07   0.732E-07   0.731E-07   0.730E-07   0.727E-07   0.724E-07   0.718E-07   0.712E-07
   25.100   0.713E-07   0.713E-07   0.713E-07   0.714E-07   0.714E-07   0.714E-07   0.713E-07   0.711E-07   0.708E-07   0.703E-07   0.697E-07
   25.200   0.695E-07   0.695E-07   0.696E-07   0.696E-07   0.697E-07   0.697E-07   0.696E-07   0.695E-07   0.692E-07   0.688E-07   0.683E-07
   25.300   0.678E-07   0.678E-07   0.679E-07   0.679E-07   0.680E-07   0.680E-07   0.680E-07   0.679E-07   0.677E-07   0.674E-07   0.669E-07
   25.400   0.662E-07   0.662E-07   0.662E-07   0.663E-07   0.664E-07   0.664E-07   0.665E-07   0.664E-07   0.662E-07   0.660E-07   0.655E-07
   25.500   0.646E-07   0.646E-07   0.647E-07   0.647E-07   0.648E-07   0.649E-07   0.650E-07   0.649E-07   0.648E-07   0.646E-07   0.642E-07
   25.600   0.630E-07   0.631E-07   0.631E-07   0.632E-07   0.633E-07   0.634E-07   0.635E-07   0.635E-07   0.634E-07   0.632E-07   0.629E-07
   25.700   0.615E-07   0.616E-07   0.616E-07   0.617E-07   0.619E-07   0.620E-07   0.621E-07   0.621E-07   0.621E-07   0.619E-07   0.617E-07
   25.800   0.601E-07   0.601E-07   0.602E-07   0.603E-07   0.605E-07   0.606E-07   0.607E-07   0.608E-07   0.608E-07   0.607E-07   0.604E-07
   25.900   0.587E-07   0.587E-07   0.588E-07   0.590E-07   0.591E-07   0.593E-07   0.594E-07   0.595E-07   0.595E-07   0.595E-07   0.593E-07
   26.000   0.574E-07   0.574E-07   0.575E-07   0.576E-07   0.578E-07   0.580E-07   0.581E-07   0.582E-07   0.583E-07   0.583E-07   0.581E-07
   26.100   0.561E-07   0.561E-07   0.562E-07   0.563E-07   0.565E-07   0.567E-07   0.569E-07   0.570E-07   0.571E-07   0.571E-07   0.570E-07
   26.200   0.548E-07   0.548E-07   0.549E-07   0.551E-07   0.553E-07   0.555E-07   0.557E-07   0.558E-07   0.559E-07   0.560E-07   0.559E-07
   26.300   0.536E-07   0.536E-07   0.537E-07   0.539E-07   0.541E-07   0.543E-07   0.545E-07   0.547E-07   0.548E-07   0.549E-07   0.548E-07
   26.400   0.524E-07   0.525E-07   0.526E-07   0.527E-07   0.529E-07   0.531E-07   0.534E-07   0.536E-07   0.537E-07   0.538E-07   0.538E-07
   26.500   0.513E-07   0.513E-07   0.514E-07   0.516E-07   0.518E-07   0.520E-07   0.522E-07   0.525E-07   0.526E-07   0.527E-07   0.528E-07
   26.600   0.502E-07   0.502E-07   0.503E-07   0.505E-07   0.507E-07   0.509E-07   0.512E-07   0.514E-07   0.516E-07   0.517E-07   0.518E-07
   26.700   0.491E-07   0.491E-07   0.493E-07   0.494E-07   0.496E-07   0.499E-07   0.501E-07   0.504E-07   0.506E-07   0.507E-07   0.508E-07
   26.800   0.481E-07   0.481E-07   0.482E-07   0.484E-07   0.486E-07   0.489E-07   0.491E-07   0.494E-07   0.496E-07   0.498E-07   0.499E-07
   26.900   0.471E-07   0.471E-07   0.472E-07   0.474E-07   0.476E-07   0.479E-07   0.481E-07   0.484E-07   0.487E-07   0.488E-07   0.490E-07
   27.000   0.461E-07   0.461E-07   0.462E-07   0.464E-07   0.467E-07   0.469E-07   0.472E-07   0.475E-07   0.477E-07   0.479E-07   0.481E-07
   27.100   0.452E-07   0.452E-07   0.453E-07   0.455E-07   0.457E-07   0.460E-07   0.463E-07   0.466E-07   0.468E-07   0.470E-07   0.472E-07
   27.200   0.442E-07   0.443E-07   0.444E-07   0.446E-07   0.448E-07   0.451E-07   0.454E-07   0.457E-07   0.460E-07   0.462E-07   0.464E-07
   27.300   0.434E-07   0.434E-07   0.435E-07   0.437E-07   0.439E-07   0.442E-07   0.445E-07   0.448E-07   0.451E-07   0.453E-07   0.455E-07
   27.400   0.425E-07   0.425E-07   0.427E-07   0.428E-07   0.431E-07   0.434E-07   0.437E-07   0.440E-07   0.443E-07   0.445E-07   0.447E-07
   27.500   0.417E-07   0.417E-07   0.418E-07   0.420E-07   0.422E-07   0.425E-07   0.428E-07   0.431E-07   0.435E-07   0.437E-07   0.439E-07
   27.600   0.409E-07   0.409E-07   0.410E-07   0.412E-07   0.414E-07   0.417E-07   0.420E-07   0.424E-07   0.427E-07   0.430E-07   0.432E-07
   27.700   0.401E-07   0.401E-07   0.402E-07   0.404E-07   0.406E-07   0.409E-07   0.413E-07   0.416E-07   0.419E-07   0.422E-07   0.424E-07
   27.800   0.393E-07   0.394E-07   0.395E-07   0.396E-07   0.399E-07   0.402E-07   0.405E-07   0.408E-07   0.412E-07   0.415E-07   0.417E-07
   27.900   0.386E-07   0.386E-07   0.387E-07   0.389E-07   0.391E-07   0.394E-07   0.398E-07   0.401E-07   0.404E-07   0.407E-07   0.410E-07
   28.000   0.379E-07   0.379E-07   0.380E-07   0.382E-07   0.384E-07   0.387E-07   0.390E-07   0.394E-07   0.397E-07   0.400E-07   0.403E-07
   28.100   0.372E-07   0.372E-07   0.373E-07   0.375E-07   0.377E-07   0.380E-07   0.383E-07   0.387E-07   0.390E-07   0.393E-07   0.396E-07
   28.200   0.365E-07   0.365E-07   0.366E-07   0.368E-07   0.370E-07   0.373E-07   0.377E-07   0.380E-07   0.384E-07   0.387E-07   0.390E-07
   28.300   0.358E-07   0.359E-07   0.360E-07   0.361E-07   0.364E-07   0.367E-07   0.370E-07   0.373E-07   0.377E-07   0.380E-07   0.383E-07
   28.400   0.352E-07   0.352E-07   0.353E-07   0.355E-07   0.357E-07   0.360E-07   0.364E-07   0.367E-07   0.371E-07   0.374E-07   0.377E-07
   28.500   0.345E-07   0.346E-07   0.347E-07   0.349E-07   0.351E-07   0.354E-07   0.357E-07   0.361E-07   0.364E-07   0.368E-07   0.371E-07
   28.600   0.339E-07   0.340E-07   0.341E-07   0.343E-07   0.345E-07   0.348E-07   0.351E-07   0.355E-07   0.358E-07   0.362E-07   0.365E-07
   28.700   0.333E-07   0.334E-07   0.335E-07   0.337E-07   0.339E-07   0.342E-07   0.345E-07   0.349E-07   0.352E-07   0.356E-07   0.359E-07
   28.800   0.328E-07   0.328E-07   0.329E-07   0.331E-07   0.333E-07   0.336E-07   0.339E-07   0.343E-07   0.347E-07   0.350E-07   0.353E-07
   28.900   0.322E-07   0.322E-07   0.324E-07   0.325E-07   0.328E-07   0.331E-07   0.334E-07   0.337E-07   0.341E-07   0.344E-07   0.348E-07
   29.000   0.317E-07   0.317E-07   0.318E-07   0.320E-07   0.322E-07   0.325E-07   0.328E-07   0.332E-07   0.335E-07   0.339E-07   0.342E-07
   29.100   0.311E-07   0.312E-07   0.313E-07   0.314E-07   0.317E-07   0.320E-07   0.323E-07   0.326E-07   0.330E-07   0.334E-07   0.337E-07
   29.200   0.306E-07   0.306E-07   0.308E-07   0.309E-07   0.312E-07   0.314E-07   0.318E-07   0.321E-07   0.325E-07   0.328E-07   0.332E-07
   29.300   0.301E-07   0.301E-07   0.302E-07   0.304E-07   0.307E-07   0.309E-07   0.313E-07   0.316E-07   0.320E-07   0.323E-07   0.327E-07
   29.400   0.296E-07   0.297E-07   0.298E-07   0.299E-07   0.302E-07   0.304E-07   0.308E-07   0.311E-07   0.315E-07   0.318E-07   0.322E-07
   29.500   0.291E-07   0.292E-07   0.293E-07   0.294E-07   0.297E-07   0.299E-07   0.303E-07   0.306E-07   0.310E-07   0.313E-07   0.317E-07
   29.600   0.287E-07   0.287E-07   0.288E-07   0.290E-07   0.292E-07   0.295E-07   0.298E-07   0.301E-07   0.305E-07   0.309E-07   0.312E-07
   29.700   0.282E-07   0.282E-07   0.284E-07   0.285E-07   0.287E-07   0.290E-07   0.293E-07   0.297E-07   0.300E-07   0.304E-07   0.308E-07
   29.800   0.278E-07   0.278E-07   0.279E-07   0.281E-07   0.283E-07   0.286E-07   0.289E-07   0.292E-07   0.296E-07   0.299E-07   0.303E-07
   29.900   0.273E-07   0.274E-07   0.275E-07   0.276E-07   0.279E-07   0.281E-07   0.284E-07   0.288E-07   0.291E-07   0.295E-07   0.299E-07
   30.000   0.269E-07   0.269E-07   0.270E-07   0.272E-07   0.274E-07   0.277E-07   0.280E-07   0.283E-07   0.287E-07   0.291E-07   0.294E-07
