# fe1_the_023_045_photoabs_h_SMLO.dat                    
#
# Z = 23, A = 45
#
# Parameters:  Er1 = 19.541,  Wr1 =  6.097,  S1 =   1.200,  beta=  0.000
# No. of entries:  300
# Col 1: photon energy E in MeV
# Col 2-11: E1 photoabsorption PSF (fe1 in MeV^-3) for nucleus at the temperatures T=0-2 MeV
# Format: f9.3, 11e12.3
# Authors:  V.A.Plujko, O.M. Gorbachenko, K.M. Solodovnyk (TSNU)
#   E         T=0.0       T=0.2       T=0.4       T=0.6       T=0.8       T=1.0       T=1.2       T=1.4       T=1.6       T=1.8       T=2.0
    0.100   0.957E-12   0.440E-11   0.183E-10   0.516E-10   0.113E-09   0.213E-09   0.360E-09   0.563E-09   0.832E-09   0.118E-08   0.160E-08
    0.200   0.383E-11   0.850E-11   0.254E-10   0.626E-10   0.129E-09   0.234E-09   0.388E-09   0.598E-09   0.875E-09   0.123E-08   0.167E-08
    0.300   0.861E-11   0.141E-10   0.339E-10   0.750E-10   0.146E-09   0.257E-09   0.417E-09   0.634E-09   0.919E-09   0.128E-08   0.173E-08
    0.400   0.153E-10   0.213E-10   0.438E-10   0.887E-10   0.165E-09   0.281E-09   0.447E-09   0.672E-09   0.965E-09   0.133E-08   0.179E-08
    0.500   0.239E-10   0.303E-10   0.553E-10   0.104E-09   0.185E-09   0.307E-09   0.479E-09   0.711E-09   0.101E-08   0.139E-08   0.186E-08
    0.600   0.345E-10   0.412E-10   0.683E-10   0.121E-09   0.206E-09   0.334E-09   0.513E-09   0.752E-09   0.106E-08   0.145E-08   0.193E-08
    0.700   0.470E-10   0.541E-10   0.831E-10   0.139E-09   0.229E-09   0.363E-09   0.548E-09   0.795E-09   0.111E-08   0.151E-08   0.200E-08
    0.800   0.614E-10   0.689E-10   0.997E-10   0.159E-09   0.254E-09   0.393E-09   0.585E-09   0.840E-09   0.117E-08   0.157E-08   0.207E-08
    0.900   0.778E-10   0.858E-10   0.118E-09   0.181E-09   0.281E-09   0.425E-09   0.624E-09   0.886E-09   0.122E-08   0.164E-08   0.214E-08
    1.000   0.962E-10   0.105E-09   0.139E-09   0.205E-09   0.309E-09   0.459E-09   0.665E-09   0.934E-09   0.128E-08   0.170E-08   0.222E-08
    1.100   0.116E-09   0.126E-09   0.161E-09   0.230E-09   0.339E-09   0.495E-09   0.707E-09   0.985E-09   0.134E-08   0.177E-08   0.230E-08
    1.200   0.139E-09   0.149E-09   0.185E-09   0.258E-09   0.371E-09   0.533E-09   0.752E-09   0.104E-08   0.140E-08   0.184E-08   0.238E-08
    1.300   0.163E-09   0.174E-09   0.212E-09   0.287E-09   0.405E-09   0.573E-09   0.798E-09   0.109E-08   0.146E-08   0.191E-08   0.246E-08
    1.400   0.189E-09   0.201E-09   0.240E-09   0.319E-09   0.441E-09   0.614E-09   0.847E-09   0.115E-08   0.152E-08   0.199E-08   0.255E-08
    1.500   0.218E-09   0.230E-09   0.271E-09   0.352E-09   0.479E-09   0.658E-09   0.897E-09   0.121E-08   0.159E-08   0.207E-08   0.264E-08
    1.600   0.248E-09   0.261E-09   0.304E-09   0.388E-09   0.519E-09   0.704E-09   0.950E-09   0.127E-08   0.166E-08   0.215E-08   0.273E-08
    1.700   0.281E-09   0.294E-09   0.339E-09   0.426E-09   0.561E-09   0.752E-09   0.100E-08   0.133E-08   0.173E-08   0.223E-08   0.282E-08
    1.800   0.315E-09   0.329E-09   0.376E-09   0.466E-09   0.606E-09   0.802E-09   0.106E-08   0.139E-08   0.181E-08   0.231E-08   0.292E-08
    1.900   0.352E-09   0.367E-09   0.415E-09   0.508E-09   0.652E-09   0.854E-09   0.112E-08   0.146E-08   0.188E-08   0.240E-08   0.301E-08
    2.000   0.391E-09   0.407E-09   0.457E-09   0.553E-09   0.701E-09   0.908E-09   0.118E-08   0.153E-08   0.196E-08   0.249E-08   0.312E-08
    2.100   0.432E-09   0.448E-09   0.501E-09   0.599E-09   0.752E-09   0.965E-09   0.125E-08   0.160E-08   0.205E-08   0.258E-08   0.322E-08
    2.200   0.475E-09   0.492E-09   0.547E-09   0.649E-09   0.806E-09   0.102E-08   0.131E-08   0.168E-08   0.213E-08   0.268E-08   0.333E-08
    2.300   0.520E-09   0.539E-09   0.595E-09   0.700E-09   0.861E-09   0.109E-08   0.138E-08   0.176E-08   0.222E-08   0.277E-08   0.344E-08
    2.400   0.568E-09   0.587E-09   0.646E-09   0.754E-09   0.920E-09   0.115E-08   0.145E-08   0.184E-08   0.231E-08   0.287E-08   0.355E-08
    2.500   0.618E-09   0.638E-09   0.699E-09   0.810E-09   0.981E-09   0.122E-08   0.153E-08   0.192E-08   0.240E-08   0.298E-08   0.366E-08
    2.600   0.670E-09   0.691E-09   0.755E-09   0.869E-09   0.104E-08   0.129E-08   0.160E-08   0.200E-08   0.249E-08   0.308E-08   0.378E-08
    2.700   0.725E-09   0.746E-09   0.812E-09   0.930E-09   0.111E-08   0.136E-08   0.168E-08   0.209E-08   0.259E-08   0.319E-08   0.390E-08
    2.800   0.782E-09   0.804E-09   0.873E-09   0.994E-09   0.118E-08   0.143E-08   0.176E-08   0.218E-08   0.269E-08   0.331E-08   0.403E-08
    2.900   0.841E-09   0.865E-09   0.935E-09   0.106E-08   0.125E-08   0.151E-08   0.185E-08   0.228E-08   0.280E-08   0.342E-08   0.416E-08
    3.000   0.903E-09   0.927E-09   0.100E-08   0.113E-08   0.132E-08   0.159E-08   0.194E-08   0.237E-08   0.290E-08   0.354E-08   0.429E-08
    3.100   0.967E-09   0.993E-09   0.107E-08   0.120E-08   0.140E-08   0.167E-08   0.203E-08   0.247E-08   0.301E-08   0.366E-08   0.443E-08
    3.200   0.103E-08   0.106E-08   0.114E-08   0.128E-08   0.148E-08   0.176E-08   0.212E-08   0.258E-08   0.313E-08   0.379E-08   0.456E-08
    3.300   0.110E-08   0.113E-08   0.121E-08   0.135E-08   0.156E-08   0.185E-08   0.222E-08   0.268E-08   0.324E-08   0.392E-08   0.471E-08
    3.400   0.118E-08   0.120E-08   0.129E-08   0.143E-08   0.165E-08   0.194E-08   0.232E-08   0.279E-08   0.336E-08   0.405E-08   0.485E-08
    3.500   0.125E-08   0.128E-08   0.137E-08   0.151E-08   0.173E-08   0.203E-08   0.242E-08   0.290E-08   0.349E-08   0.419E-08   0.500E-08
    3.600   0.133E-08   0.136E-08   0.145E-08   0.160E-08   0.183E-08   0.213E-08   0.253E-08   0.302E-08   0.362E-08   0.433E-08   0.516E-08
    3.700   0.141E-08   0.144E-08   0.153E-08   0.169E-08   0.192E-08   0.223E-08   0.264E-08   0.314E-08   0.375E-08   0.447E-08   0.532E-08
    3.800   0.149E-08   0.152E-08   0.162E-08   0.178E-08   0.202E-08   0.234E-08   0.275E-08   0.326E-08   0.388E-08   0.462E-08   0.548E-08
    3.900   0.158E-08   0.161E-08   0.171E-08   0.187E-08   0.212E-08   0.244E-08   0.287E-08   0.339E-08   0.402E-08   0.477E-08   0.564E-08
    4.000   0.167E-08   0.170E-08   0.180E-08   0.197E-08   0.222E-08   0.256E-08   0.298E-08   0.352E-08   0.416E-08   0.492E-08   0.581E-08
    4.100   0.176E-08   0.179E-08   0.190E-08   0.207E-08   0.233E-08   0.267E-08   0.311E-08   0.365E-08   0.431E-08   0.508E-08   0.599E-08
    4.200   0.185E-08   0.189E-08   0.200E-08   0.218E-08   0.244E-08   0.279E-08   0.324E-08   0.379E-08   0.446E-08   0.525E-08   0.617E-08
    4.300   0.195E-08   0.199E-08   0.210E-08   0.228E-08   0.255E-08   0.291E-08   0.337E-08   0.393E-08   0.461E-08   0.542E-08   0.635E-08
    4.400   0.205E-08   0.209E-08   0.221E-08   0.240E-08   0.267E-08   0.303E-08   0.350E-08   0.408E-08   0.477E-08   0.559E-08   0.654E-08
    4.500   0.216E-08   0.220E-08   0.231E-08   0.251E-08   0.279E-08   0.316E-08   0.364E-08   0.423E-08   0.493E-08   0.577E-08   0.673E-08
    4.600   0.227E-08   0.231E-08   0.243E-08   0.263E-08   0.291E-08   0.330E-08   0.378E-08   0.438E-08   0.510E-08   0.595E-08   0.693E-08
    4.700   0.238E-08   0.242E-08   0.254E-08   0.275E-08   0.304E-08   0.343E-08   0.393E-08   0.454E-08   0.527E-08   0.613E-08   0.714E-08
    4.800   0.250E-08   0.254E-08   0.266E-08   0.287E-08   0.317E-08   0.357E-08   0.408E-08   0.470E-08   0.545E-08   0.633E-08   0.735E-08
    4.900   0.261E-08   0.266E-08   0.279E-08   0.300E-08   0.331E-08   0.372E-08   0.423E-08   0.487E-08   0.563E-08   0.652E-08   0.756E-08
    5.000   0.274E-08   0.278E-08   0.291E-08   0.314E-08   0.345E-08   0.387E-08   0.439E-08   0.504E-08   0.582E-08   0.673E-08   0.778E-08
    5.100   0.286E-08   0.291E-08   0.304E-08   0.327E-08   0.359E-08   0.402E-08   0.456E-08   0.522E-08   0.601E-08   0.693E-08   0.800E-08
    5.200   0.299E-08   0.304E-08   0.318E-08   0.341E-08   0.374E-08   0.418E-08   0.473E-08   0.540E-08   0.620E-08   0.715E-08   0.824E-08
    5.300   0.313E-08   0.318E-08   0.332E-08   0.356E-08   0.390E-08   0.434E-08   0.490E-08   0.559E-08   0.640E-08   0.736E-08   0.847E-08
    5.400   0.327E-08   0.332E-08   0.346E-08   0.371E-08   0.405E-08   0.451E-08   0.508E-08   0.578E-08   0.661E-08   0.759E-08   0.871E-08
    5.500   0.341E-08   0.346E-08   0.361E-08   0.386E-08   0.422E-08   0.468E-08   0.526E-08   0.598E-08   0.682E-08   0.782E-08   0.896E-08
    5.600   0.356E-08   0.361E-08   0.376E-08   0.402E-08   0.438E-08   0.486E-08   0.545E-08   0.618E-08   0.704E-08   0.805E-08   0.922E-08
    5.700   0.371E-08   0.376E-08   0.392E-08   0.418E-08   0.455E-08   0.504E-08   0.565E-08   0.639E-08   0.727E-08   0.830E-08   0.948E-08
    5.800   0.387E-08   0.392E-08   0.408E-08   0.435E-08   0.473E-08   0.522E-08   0.585E-08   0.660E-08   0.750E-08   0.854E-08   0.975E-08
    5.900   0.403E-08   0.408E-08   0.425E-08   0.452E-08   0.491E-08   0.542E-08   0.605E-08   0.682E-08   0.773E-08   0.880E-08   0.100E-07
    6.000   0.419E-08   0.425E-08   0.442E-08   0.470E-08   0.510E-08   0.561E-08   0.626E-08   0.705E-08   0.798E-08   0.906E-08   0.103E-07
    6.100   0.436E-08   0.442E-08   0.460E-08   0.488E-08   0.529E-08   0.582E-08   0.648E-08   0.728E-08   0.822E-08   0.933E-08   0.106E-07
    6.200   0.454E-08   0.460E-08   0.478E-08   0.507E-08   0.549E-08   0.603E-08   0.670E-08   0.752E-08   0.848E-08   0.960E-08   0.109E-07
    6.300   0.472E-08   0.478E-08   0.496E-08   0.527E-08   0.569E-08   0.624E-08   0.693E-08   0.776E-08   0.874E-08   0.989E-08   0.112E-07
    6.400   0.491E-08   0.497E-08   0.516E-08   0.547E-08   0.590E-08   0.646E-08   0.716E-08   0.801E-08   0.901E-08   0.102E-07   0.115E-07
    6.500   0.510E-08   0.517E-08   0.535E-08   0.567E-08   0.611E-08   0.669E-08   0.741E-08   0.827E-08   0.929E-08   0.105E-07   0.118E-07
    6.600   0.530E-08   0.537E-08   0.556E-08   0.588E-08   0.634E-08   0.692E-08   0.765E-08   0.854E-08   0.958E-08   0.108E-07   0.122E-07
    6.700   0.550E-08   0.557E-08   0.577E-08   0.610E-08   0.656E-08   0.717E-08   0.791E-08   0.881E-08   0.987E-08   0.111E-07   0.125E-07
    6.800   0.572E-08   0.578E-08   0.599E-08   0.632E-08   0.680E-08   0.741E-08   0.817E-08   0.909E-08   0.102E-07   0.114E-07   0.128E-07
    6.900   0.593E-08   0.600E-08   0.621E-08   0.655E-08   0.704E-08   0.767E-08   0.844E-08   0.938E-08   0.105E-07   0.118E-07   0.132E-07
    7.000   0.616E-08   0.623E-08   0.644E-08   0.679E-08   0.729E-08   0.793E-08   0.872E-08   0.967E-08   0.108E-07   0.121E-07   0.136E-07
    7.100   0.639E-08   0.646E-08   0.668E-08   0.704E-08   0.754E-08   0.820E-08   0.901E-08   0.998E-08   0.111E-07   0.124E-07   0.139E-07
    7.200   0.662E-08   0.670E-08   0.692E-08   0.729E-08   0.781E-08   0.848E-08   0.930E-08   0.103E-07   0.115E-07   0.128E-07   0.143E-07
    7.300   0.687E-08   0.694E-08   0.717E-08   0.755E-08   0.808E-08   0.876E-08   0.960E-08   0.106E-07   0.118E-07   0.132E-07   0.147E-07
    7.400   0.712E-08   0.720E-08   0.743E-08   0.781E-08   0.836E-08   0.905E-08   0.991E-08   0.109E-07   0.122E-07   0.135E-07   0.151E-07
    7.500   0.738E-08   0.746E-08   0.770E-08   0.809E-08   0.864E-08   0.936E-08   0.102E-07   0.113E-07   0.125E-07   0.139E-07   0.155E-07
    7.600   0.765E-08   0.773E-08   0.797E-08   0.837E-08   0.894E-08   0.967E-08   0.106E-07   0.116E-07   0.129E-07   0.143E-07   0.160E-07
    7.700   0.792E-08   0.800E-08   0.825E-08   0.866E-08   0.924E-08   0.999E-08   0.109E-07   0.120E-07   0.133E-07   0.147E-07   0.164E-07
    7.800   0.821E-08   0.829E-08   0.854E-08   0.897E-08   0.956E-08   0.103E-07   0.112E-07   0.124E-07   0.137E-07   0.152E-07   0.169E-07
    7.900   0.850E-08   0.859E-08   0.884E-08   0.927E-08   0.988E-08   0.107E-07   0.116E-07   0.127E-07   0.141E-07   0.156E-07   0.173E-07
    8.000   0.880E-08   0.889E-08   0.915E-08   0.959E-08   0.102E-07   0.110E-07   0.120E-07   0.131E-07   0.145E-07   0.160E-07   0.178E-07
    8.100   0.911E-08   0.920E-08   0.947E-08   0.992E-08   0.106E-07   0.114E-07   0.124E-07   0.135E-07   0.149E-07   0.165E-07   0.183E-07
    8.200   0.943E-08   0.953E-08   0.980E-08   0.103E-07   0.109E-07   0.117E-07   0.127E-07   0.140E-07   0.154E-07   0.170E-07   0.188E-07
    8.300   0.976E-08   0.986E-08   0.101E-07   0.106E-07   0.113E-07   0.121E-07   0.131E-07   0.144E-07   0.158E-07   0.175E-07   0.193E-07
    8.400   0.101E-07   0.102E-07   0.105E-07   0.110E-07   0.116E-07   0.125E-07   0.136E-07   0.148E-07   0.163E-07   0.180E-07   0.198E-07
    8.500   0.105E-07   0.106E-07   0.109E-07   0.113E-07   0.120E-07   0.129E-07   0.140E-07   0.153E-07   0.168E-07   0.185E-07   0.204E-07
    8.600   0.108E-07   0.109E-07   0.112E-07   0.117E-07   0.124E-07   0.133E-07   0.144E-07   0.157E-07   0.173E-07   0.190E-07   0.210E-07
    8.700   0.112E-07   0.113E-07   0.116E-07   0.121E-07   0.128E-07   0.138E-07   0.149E-07   0.162E-07   0.178E-07   0.195E-07   0.215E-07
    8.800   0.116E-07   0.117E-07   0.120E-07   0.125E-07   0.133E-07   0.142E-07   0.153E-07   0.167E-07   0.183E-07   0.201E-07   0.221E-07
    8.900   0.120E-07   0.121E-07   0.124E-07   0.129E-07   0.137E-07   0.147E-07   0.158E-07   0.172E-07   0.188E-07   0.207E-07   0.227E-07
    9.000   0.124E-07   0.125E-07   0.128E-07   0.134E-07   0.141E-07   0.151E-07   0.163E-07   0.177E-07   0.194E-07   0.213E-07   0.234E-07
    9.100   0.128E-07   0.129E-07   0.133E-07   0.138E-07   0.146E-07   0.156E-07   0.168E-07   0.183E-07   0.200E-07   0.219E-07   0.240E-07
    9.200   0.133E-07   0.134E-07   0.137E-07   0.143E-07   0.151E-07   0.161E-07   0.174E-07   0.188E-07   0.205E-07   0.225E-07   0.247E-07
    9.300   0.137E-07   0.138E-07   0.142E-07   0.148E-07   0.156E-07   0.166E-07   0.179E-07   0.194E-07   0.212E-07   0.231E-07   0.254E-07
    9.400   0.142E-07   0.143E-07   0.147E-07   0.153E-07   0.161E-07   0.172E-07   0.185E-07   0.200E-07   0.218E-07   0.238E-07   0.261E-07
    9.500   0.147E-07   0.148E-07   0.152E-07   0.158E-07   0.166E-07   0.177E-07   0.190E-07   0.206E-07   0.224E-07   0.245E-07   0.268E-07
    9.600   0.152E-07   0.153E-07   0.157E-07   0.163E-07   0.172E-07   0.183E-07   0.196E-07   0.212E-07   0.231E-07   0.252E-07   0.275E-07
    9.700   0.157E-07   0.158E-07   0.162E-07   0.168E-07   0.177E-07   0.189E-07   0.203E-07   0.219E-07   0.238E-07   0.259E-07   0.283E-07
    9.800   0.162E-07   0.164E-07   0.167E-07   0.174E-07   0.183E-07   0.195E-07   0.209E-07   0.226E-07   0.245E-07   0.267E-07   0.291E-07
    9.900   0.168E-07   0.169E-07   0.173E-07   0.180E-07   0.189E-07   0.201E-07   0.215E-07   0.232E-07   0.252E-07   0.274E-07   0.299E-07
   10.000   0.173E-07   0.175E-07   0.179E-07   0.186E-07   0.195E-07   0.207E-07   0.222E-07   0.240E-07   0.260E-07   0.282E-07   0.307E-07
   10.100   0.179E-07   0.181E-07   0.185E-07   0.192E-07   0.202E-07   0.214E-07   0.229E-07   0.247E-07   0.267E-07   0.290E-07   0.316E-07
   10.200   0.185E-07   0.187E-07   0.191E-07   0.198E-07   0.208E-07   0.221E-07   0.236E-07   0.254E-07   0.275E-07   0.299E-07   0.325E-07
   10.300   0.192E-07   0.193E-07   0.198E-07   0.205E-07   0.215E-07   0.228E-07   0.244E-07   0.262E-07   0.284E-07   0.307E-07   0.334E-07
   10.400   0.198E-07   0.200E-07   0.204E-07   0.212E-07   0.222E-07   0.235E-07   0.252E-07   0.270E-07   0.292E-07   0.316E-07   0.343E-07
   10.500   0.205E-07   0.207E-07   0.211E-07   0.219E-07   0.229E-07   0.243E-07   0.259E-07   0.279E-07   0.301E-07   0.326E-07   0.353E-07
   10.600   0.212E-07   0.214E-07   0.218E-07   0.226E-07   0.237E-07   0.251E-07   0.268E-07   0.287E-07   0.310E-07   0.335E-07   0.363E-07
   10.700   0.219E-07   0.221E-07   0.226E-07   0.234E-07   0.245E-07   0.259E-07   0.276E-07   0.296E-07   0.319E-07   0.345E-07   0.373E-07
   10.800   0.227E-07   0.229E-07   0.234E-07   0.242E-07   0.253E-07   0.267E-07   0.285E-07   0.306E-07   0.329E-07   0.355E-07   0.384E-07
   10.900   0.235E-07   0.237E-07   0.242E-07   0.250E-07   0.261E-07   0.276E-07   0.294E-07   0.315E-07   0.339E-07   0.366E-07   0.395E-07
   11.000   0.243E-07   0.245E-07   0.250E-07   0.258E-07   0.270E-07   0.285E-07   0.303E-07   0.325E-07   0.349E-07   0.376E-07   0.406E-07
   11.100   0.251E-07   0.253E-07   0.258E-07   0.267E-07   0.279E-07   0.295E-07   0.313E-07   0.335E-07   0.360E-07   0.388E-07   0.418E-07
   11.200   0.260E-07   0.262E-07   0.267E-07   0.276E-07   0.288E-07   0.304E-07   0.323E-07   0.346E-07   0.371E-07   0.399E-07   0.430E-07
   11.300   0.269E-07   0.271E-07   0.276E-07   0.286E-07   0.298E-07   0.314E-07   0.334E-07   0.356E-07   0.382E-07   0.411E-07   0.443E-07
   11.400   0.278E-07   0.280E-07   0.286E-07   0.295E-07   0.308E-07   0.325E-07   0.345E-07   0.368E-07   0.394E-07   0.423E-07   0.455E-07
   11.500   0.288E-07   0.290E-07   0.296E-07   0.305E-07   0.319E-07   0.335E-07   0.356E-07   0.379E-07   0.406E-07   0.436E-07   0.469E-07
   11.600   0.298E-07   0.300E-07   0.306E-07   0.316E-07   0.329E-07   0.347E-07   0.367E-07   0.391E-07   0.419E-07   0.449E-07   0.482E-07
   11.700   0.309E-07   0.311E-07   0.317E-07   0.327E-07   0.341E-07   0.358E-07   0.379E-07   0.404E-07   0.432E-07   0.463E-07   0.496E-07
   11.800   0.320E-07   0.322E-07   0.328E-07   0.338E-07   0.352E-07   0.370E-07   0.392E-07   0.417E-07   0.445E-07   0.477E-07   0.511E-07
   11.900   0.331E-07   0.333E-07   0.339E-07   0.350E-07   0.364E-07   0.383E-07   0.405E-07   0.430E-07   0.459E-07   0.491E-07   0.526E-07
   12.000   0.343E-07   0.345E-07   0.351E-07   0.362E-07   0.377E-07   0.396E-07   0.418E-07   0.444E-07   0.474E-07   0.506E-07   0.541E-07
   12.100   0.355E-07   0.357E-07   0.364E-07   0.375E-07   0.390E-07   0.409E-07   0.432E-07   0.459E-07   0.489E-07   0.522E-07   0.558E-07
   12.200   0.368E-07   0.370E-07   0.377E-07   0.388E-07   0.403E-07   0.423E-07   0.446E-07   0.474E-07   0.504E-07   0.538E-07   0.574E-07
   12.300   0.381E-07   0.383E-07   0.390E-07   0.402E-07   0.417E-07   0.437E-07   0.461E-07   0.489E-07   0.520E-07   0.554E-07   0.591E-07
   12.400   0.395E-07   0.397E-07   0.404E-07   0.416E-07   0.432E-07   0.452E-07   0.477E-07   0.505E-07   0.537E-07   0.571E-07   0.609E-07
   12.500   0.409E-07   0.412E-07   0.419E-07   0.431E-07   0.447E-07   0.468E-07   0.493E-07   0.522E-07   0.554E-07   0.589E-07   0.627E-07
   12.600   0.424E-07   0.426E-07   0.434E-07   0.446E-07   0.463E-07   0.484E-07   0.510E-07   0.539E-07   0.572E-07   0.608E-07   0.646E-07
   12.700   0.440E-07   0.442E-07   0.450E-07   0.462E-07   0.479E-07   0.501E-07   0.527E-07   0.557E-07   0.590E-07   0.627E-07   0.665E-07
   12.800   0.456E-07   0.458E-07   0.466E-07   0.479E-07   0.496E-07   0.518E-07   0.545E-07   0.575E-07   0.609E-07   0.646E-07   0.685E-07
   12.900   0.473E-07   0.475E-07   0.483E-07   0.496E-07   0.514E-07   0.537E-07   0.564E-07   0.595E-07   0.629E-07   0.666E-07   0.706E-07
   13.000   0.490E-07   0.493E-07   0.501E-07   0.514E-07   0.533E-07   0.556E-07   0.583E-07   0.615E-07   0.650E-07   0.687E-07   0.728E-07
   13.100   0.509E-07   0.511E-07   0.520E-07   0.533E-07   0.552E-07   0.575E-07   0.603E-07   0.635E-07   0.671E-07   0.709E-07   0.750E-07
   13.200   0.528E-07   0.530E-07   0.539E-07   0.553E-07   0.572E-07   0.596E-07   0.624E-07   0.657E-07   0.693E-07   0.732E-07   0.773E-07
   13.300   0.548E-07   0.550E-07   0.559E-07   0.573E-07   0.593E-07   0.617E-07   0.646E-07   0.679E-07   0.716E-07   0.755E-07   0.796E-07
   13.400   0.568E-07   0.571E-07   0.580E-07   0.595E-07   0.614E-07   0.639E-07   0.669E-07   0.702E-07   0.739E-07   0.779E-07   0.821E-07
   13.500   0.590E-07   0.593E-07   0.602E-07   0.617E-07   0.637E-07   0.662E-07   0.693E-07   0.727E-07   0.764E-07   0.804E-07   0.846E-07
   13.600   0.613E-07   0.616E-07   0.625E-07   0.640E-07   0.661E-07   0.687E-07   0.717E-07   0.752E-07   0.790E-07   0.830E-07   0.872E-07
   13.700   0.637E-07   0.640E-07   0.649E-07   0.664E-07   0.685E-07   0.712E-07   0.743E-07   0.778E-07   0.816E-07   0.857E-07   0.899E-07
   13.800   0.661E-07   0.664E-07   0.674E-07   0.690E-07   0.711E-07   0.738E-07   0.769E-07   0.805E-07   0.843E-07   0.884E-07   0.926E-07
   13.900   0.687E-07   0.690E-07   0.700E-07   0.716E-07   0.738E-07   0.765E-07   0.797E-07   0.833E-07   0.872E-07   0.913E-07   0.955E-07
   14.000   0.714E-07   0.717E-07   0.727E-07   0.744E-07   0.766E-07   0.793E-07   0.826E-07   0.862E-07   0.901E-07   0.942E-07   0.984E-07
   14.100   0.742E-07   0.746E-07   0.756E-07   0.772E-07   0.795E-07   0.823E-07   0.855E-07   0.892E-07   0.932E-07   0.973E-07   0.101E-06
   14.200   0.772E-07   0.775E-07   0.786E-07   0.802E-07   0.825E-07   0.853E-07   0.887E-07   0.923E-07   0.963E-07   0.100E-06   0.105E-06
   14.300   0.803E-07   0.806E-07   0.817E-07   0.834E-07   0.857E-07   0.886E-07   0.919E-07   0.956E-07   0.996E-07   0.104E-06   0.108E-06
   14.400   0.835E-07   0.839E-07   0.849E-07   0.866E-07   0.890E-07   0.919E-07   0.953E-07   0.990E-07   0.103E-06   0.107E-06   0.111E-06
   14.500   0.869E-07   0.872E-07   0.883E-07   0.901E-07   0.924E-07   0.954E-07   0.988E-07   0.103E-06   0.106E-06   0.111E-06   0.115E-06
   14.600   0.904E-07   0.908E-07   0.919E-07   0.936E-07   0.960E-07   0.990E-07   0.102E-06   0.106E-06   0.110E-06   0.114E-06   0.118E-06
   14.700   0.941E-07   0.945E-07   0.956E-07   0.974E-07   0.998E-07   0.103E-06   0.106E-06   0.110E-06   0.114E-06   0.118E-06   0.122E-06
   14.800   0.980E-07   0.984E-07   0.995E-07   0.101E-06   0.104E-06   0.107E-06   0.110E-06   0.114E-06   0.118E-06   0.122E-06   0.125E-06
   14.900   0.102E-06   0.102E-06   0.104E-06   0.105E-06   0.108E-06   0.111E-06   0.114E-06   0.118E-06   0.122E-06   0.126E-06   0.129E-06
   15.000   0.106E-06   0.107E-06   0.108E-06   0.110E-06   0.112E-06   0.115E-06   0.118E-06   0.122E-06   0.126E-06   0.130E-06   0.133E-06
   15.100   0.111E-06   0.111E-06   0.112E-06   0.114E-06   0.117E-06   0.120E-06   0.123E-06   0.127E-06   0.130E-06   0.134E-06   0.137E-06
   15.200   0.115E-06   0.116E-06   0.117E-06   0.119E-06   0.121E-06   0.124E-06   0.127E-06   0.131E-06   0.135E-06   0.138E-06   0.141E-06
   15.300   0.120E-06   0.121E-06   0.122E-06   0.124E-06   0.126E-06   0.129E-06   0.132E-06   0.136E-06   0.139E-06   0.143E-06   0.146E-06
   15.400   0.125E-06   0.126E-06   0.127E-06   0.129E-06   0.131E-06   0.134E-06   0.137E-06   0.141E-06   0.144E-06   0.147E-06   0.150E-06
   15.500   0.131E-06   0.131E-06   0.132E-06   0.134E-06   0.136E-06   0.139E-06   0.142E-06   0.146E-06   0.149E-06   0.152E-06   0.154E-06
   15.600   0.136E-06   0.136E-06   0.138E-06   0.139E-06   0.142E-06   0.144E-06   0.148E-06   0.151E-06   0.154E-06   0.156E-06   0.159E-06
   15.700   0.142E-06   0.142E-06   0.143E-06   0.145E-06   0.147E-06   0.150E-06   0.153E-06   0.156E-06   0.159E-06   0.161E-06   0.163E-06
   15.800   0.148E-06   0.148E-06   0.149E-06   0.151E-06   0.153E-06   0.156E-06   0.159E-06   0.161E-06   0.164E-06   0.166E-06   0.168E-06
   15.900   0.154E-06   0.155E-06   0.156E-06   0.157E-06   0.159E-06   0.162E-06   0.164E-06   0.167E-06   0.169E-06   0.171E-06   0.173E-06
   16.000   0.161E-06   0.161E-06   0.162E-06   0.164E-06   0.166E-06   0.168E-06   0.171E-06   0.173E-06   0.175E-06   0.177E-06   0.177E-06
   16.100   0.168E-06   0.168E-06   0.169E-06   0.170E-06   0.172E-06   0.174E-06   0.177E-06   0.179E-06   0.181E-06   0.182E-06   0.182E-06
   16.200   0.175E-06   0.175E-06   0.176E-06   0.177E-06   0.179E-06   0.181E-06   0.183E-06   0.185E-06   0.186E-06   0.187E-06   0.187E-06
   16.300   0.182E-06   0.182E-06   0.183E-06   0.184E-06   0.186E-06   0.188E-06   0.190E-06   0.191E-06   0.192E-06   0.192E-06   0.192E-06
   16.400   0.190E-06   0.190E-06   0.191E-06   0.192E-06   0.193E-06   0.195E-06   0.196E-06   0.197E-06   0.198E-06   0.198E-06   0.197E-06
   16.500   0.197E-06   0.198E-06   0.198E-06   0.199E-06   0.201E-06   0.202E-06   0.203E-06   0.204E-06   0.204E-06   0.203E-06   0.202E-06
   16.600   0.206E-06   0.206E-06   0.206E-06   0.207E-06   0.208E-06   0.209E-06   0.210E-06   0.210E-06   0.210E-06   0.209E-06   0.207E-06
   16.700   0.214E-06   0.214E-06   0.215E-06   0.215E-06   0.216E-06   0.217E-06   0.217E-06   0.217E-06   0.216E-06   0.214E-06   0.212E-06
   16.800   0.223E-06   0.223E-06   0.223E-06   0.224E-06   0.224E-06   0.224E-06   0.224E-06   0.224E-06   0.222E-06   0.220E-06   0.217E-06
   16.900   0.232E-06   0.232E-06   0.232E-06   0.232E-06   0.232E-06   0.232E-06   0.231E-06   0.230E-06   0.228E-06   0.225E-06   0.221E-06
   17.000   0.241E-06   0.241E-06   0.241E-06   0.241E-06   0.240E-06   0.240E-06   0.239E-06   0.237E-06   0.234E-06   0.231E-06   0.226E-06
   17.100   0.250E-06   0.250E-06   0.250E-06   0.249E-06   0.249E-06   0.248E-06   0.246E-06   0.244E-06   0.240E-06   0.236E-06   0.231E-06
   17.200   0.259E-06   0.259E-06   0.259E-06   0.258E-06   0.257E-06   0.256E-06   0.253E-06   0.250E-06   0.246E-06   0.241E-06   0.235E-06
   17.300   0.269E-06   0.269E-06   0.268E-06   0.267E-06   0.266E-06   0.264E-06   0.261E-06   0.257E-06   0.252E-06   0.246E-06   0.239E-06
   17.400   0.278E-06   0.278E-06   0.277E-06   0.276E-06   0.274E-06   0.271E-06   0.268E-06   0.263E-06   0.258E-06   0.251E-06   0.244E-06
   17.500   0.288E-06   0.287E-06   0.286E-06   0.285E-06   0.282E-06   0.279E-06   0.275E-06   0.269E-06   0.263E-06   0.256E-06   0.248E-06
   17.600   0.297E-06   0.297E-06   0.296E-06   0.294E-06   0.291E-06   0.287E-06   0.282E-06   0.275E-06   0.268E-06   0.260E-06   0.251E-06
   17.700   0.307E-06   0.306E-06   0.305E-06   0.302E-06   0.299E-06   0.294E-06   0.288E-06   0.281E-06   0.273E-06   0.265E-06   0.255E-06
   17.800   0.316E-06   0.315E-06   0.313E-06   0.311E-06   0.306E-06   0.301E-06   0.295E-06   0.287E-06   0.278E-06   0.269E-06   0.258E-06
   17.900   0.325E-06   0.324E-06   0.322E-06   0.319E-06   0.314E-06   0.308E-06   0.301E-06   0.292E-06   0.283E-06   0.272E-06   0.261E-06
   18.000   0.333E-06   0.332E-06   0.330E-06   0.326E-06   0.321E-06   0.314E-06   0.306E-06   0.297E-06   0.287E-06   0.276E-06   0.264E-06
   18.100   0.341E-06   0.340E-06   0.338E-06   0.334E-06   0.328E-06   0.320E-06   0.312E-06   0.302E-06   0.291E-06   0.279E-06   0.267E-06
   18.200   0.349E-06   0.348E-06   0.345E-06   0.340E-06   0.334E-06   0.326E-06   0.317E-06   0.306E-06   0.294E-06   0.282E-06   0.269E-06
   18.300   0.356E-06   0.355E-06   0.352E-06   0.347E-06   0.340E-06   0.331E-06   0.321E-06   0.309E-06   0.297E-06   0.284E-06   0.271E-06
   18.400   0.362E-06   0.361E-06   0.358E-06   0.352E-06   0.345E-06   0.336E-06   0.325E-06   0.313E-06   0.300E-06   0.286E-06   0.272E-06
   18.500   0.368E-06   0.367E-06   0.363E-06   0.357E-06   0.349E-06   0.339E-06   0.328E-06   0.315E-06   0.302E-06   0.288E-06   0.273E-06
   18.600   0.373E-06   0.372E-06   0.368E-06   0.362E-06   0.353E-06   0.343E-06   0.331E-06   0.318E-06   0.304E-06   0.289E-06   0.274E-06
   18.700   0.377E-06   0.376E-06   0.372E-06   0.365E-06   0.356E-06   0.345E-06   0.333E-06   0.319E-06   0.305E-06   0.290E-06   0.275E-06
   18.800   0.380E-06   0.379E-06   0.375E-06   0.368E-06   0.358E-06   0.347E-06   0.334E-06   0.320E-06   0.305E-06   0.290E-06   0.275E-06
   18.900   0.382E-06   0.381E-06   0.377E-06   0.370E-06   0.360E-06   0.348E-06   0.335E-06   0.321E-06   0.306E-06   0.290E-06   0.274E-06
   19.000   0.384E-06   0.382E-06   0.378E-06   0.371E-06   0.361E-06   0.349E-06   0.336E-06   0.321E-06   0.306E-06   0.290E-06   0.274E-06
   19.100   0.384E-06   0.383E-06   0.378E-06   0.371E-06   0.361E-06   0.349E-06   0.335E-06   0.320E-06   0.305E-06   0.289E-06   0.273E-06
   19.200   0.384E-06   0.382E-06   0.377E-06   0.370E-06   0.360E-06   0.348E-06   0.334E-06   0.319E-06   0.304E-06   0.288E-06   0.272E-06
   19.300   0.382E-06   0.381E-06   0.376E-06   0.368E-06   0.358E-06   0.346E-06   0.333E-06   0.318E-06   0.302E-06   0.286E-06   0.270E-06
   19.400   0.380E-06   0.378E-06   0.374E-06   0.366E-06   0.356E-06   0.344E-06   0.331E-06   0.316E-06   0.300E-06   0.284E-06   0.268E-06
   19.500   0.377E-06   0.375E-06   0.371E-06   0.363E-06   0.353E-06   0.341E-06   0.328E-06   0.313E-06   0.298E-06   0.282E-06   0.266E-06
   19.600   0.373E-06   0.371E-06   0.367E-06   0.360E-06   0.350E-06   0.338E-06   0.325E-06   0.310E-06   0.295E-06   0.280E-06   0.264E-06
   19.700   0.368E-06   0.367E-06   0.362E-06   0.355E-06   0.346E-06   0.334E-06   0.321E-06   0.307E-06   0.292E-06   0.277E-06   0.261E-06
   19.800   0.363E-06   0.362E-06   0.357E-06   0.350E-06   0.341E-06   0.330E-06   0.317E-06   0.303E-06   0.289E-06   0.274E-06   0.259E-06
   19.900   0.357E-06   0.356E-06   0.352E-06   0.345E-06   0.336E-06   0.325E-06   0.313E-06   0.299E-06   0.285E-06   0.270E-06   0.256E-06
   20.000   0.351E-06   0.349E-06   0.345E-06   0.339E-06   0.330E-06   0.320E-06   0.308E-06   0.295E-06   0.281E-06   0.267E-06   0.252E-06
   20.100   0.344E-06   0.343E-06   0.339E-06   0.333E-06   0.324E-06   0.314E-06   0.303E-06   0.290E-06   0.277E-06   0.263E-06   0.249E-06
   20.200   0.337E-06   0.336E-06   0.332E-06   0.326E-06   0.318E-06   0.308E-06   0.297E-06   0.285E-06   0.272E-06   0.259E-06   0.246E-06
   20.300   0.329E-06   0.328E-06   0.325E-06   0.319E-06   0.312E-06   0.302E-06   0.292E-06   0.280E-06   0.268E-06   0.255E-06   0.242E-06
   20.400   0.322E-06   0.321E-06   0.317E-06   0.312E-06   0.305E-06   0.296E-06   0.286E-06   0.275E-06   0.263E-06   0.251E-06   0.238E-06
   20.500   0.314E-06   0.313E-06   0.310E-06   0.305E-06   0.298E-06   0.290E-06   0.280E-06   0.270E-06   0.258E-06   0.246E-06   0.234E-06
   20.600   0.306E-06   0.305E-06   0.302E-06   0.298E-06   0.291E-06   0.283E-06   0.274E-06   0.264E-06   0.253E-06   0.242E-06   0.230E-06
   20.700   0.298E-06   0.297E-06   0.295E-06   0.290E-06   0.284E-06   0.277E-06   0.268E-06   0.259E-06   0.248E-06   0.237E-06   0.226E-06
   20.800   0.290E-06   0.289E-06   0.287E-06   0.283E-06   0.277E-06   0.270E-06   0.262E-06   0.253E-06   0.243E-06   0.233E-06   0.222E-06
   20.900   0.282E-06   0.281E-06   0.279E-06   0.275E-06   0.270E-06   0.263E-06   0.256E-06   0.247E-06   0.238E-06   0.228E-06   0.218E-06
   21.000   0.274E-06   0.274E-06   0.271E-06   0.268E-06   0.263E-06   0.257E-06   0.250E-06   0.242E-06   0.233E-06   0.224E-06   0.214E-06
   21.100   0.266E-06   0.266E-06   0.264E-06   0.260E-06   0.256E-06   0.250E-06   0.244E-06   0.236E-06   0.228E-06   0.219E-06   0.210E-06
   21.200   0.259E-06   0.258E-06   0.256E-06   0.253E-06   0.249E-06   0.244E-06   0.238E-06   0.231E-06   0.223E-06   0.215E-06   0.206E-06
   21.300   0.251E-06   0.251E-06   0.249E-06   0.246E-06   0.242E-06   0.237E-06   0.232E-06   0.225E-06   0.218E-06   0.210E-06   0.202E-06
   21.400   0.244E-06   0.243E-06   0.242E-06   0.239E-06   0.236E-06   0.231E-06   0.226E-06   0.220E-06   0.213E-06   0.205E-06   0.198E-06
   21.500   0.236E-06   0.236E-06   0.235E-06   0.232E-06   0.229E-06   0.225E-06   0.220E-06   0.214E-06   0.208E-06   0.201E-06   0.194E-06
   21.600   0.229E-06   0.229E-06   0.228E-06   0.226E-06   0.223E-06   0.219E-06   0.214E-06   0.209E-06   0.203E-06   0.197E-06   0.190E-06
   21.700   0.223E-06   0.222E-06   0.221E-06   0.219E-06   0.216E-06   0.213E-06   0.209E-06   0.204E-06   0.198E-06   0.192E-06   0.186E-06
   21.800   0.216E-06   0.216E-06   0.214E-06   0.213E-06   0.210E-06   0.207E-06   0.203E-06   0.199E-06   0.194E-06   0.188E-06   0.182E-06
   21.900   0.209E-06   0.209E-06   0.208E-06   0.207E-06   0.204E-06   0.201E-06   0.198E-06   0.194E-06   0.189E-06   0.184E-06   0.178E-06
   22.000   0.203E-06   0.203E-06   0.202E-06   0.201E-06   0.199E-06   0.196E-06   0.193E-06   0.189E-06   0.184E-06   0.179E-06   0.174E-06
   22.100   0.197E-06   0.197E-06   0.196E-06   0.195E-06   0.193E-06   0.191E-06   0.188E-06   0.184E-06   0.180E-06   0.175E-06   0.170E-06
   22.200   0.191E-06   0.191E-06   0.190E-06   0.189E-06   0.188E-06   0.185E-06   0.183E-06   0.179E-06   0.176E-06   0.171E-06   0.167E-06
   22.300   0.185E-06   0.185E-06   0.185E-06   0.184E-06   0.182E-06   0.180E-06   0.178E-06   0.175E-06   0.171E-06   0.167E-06   0.163E-06
   22.400   0.180E-06   0.180E-06   0.179E-06   0.178E-06   0.177E-06   0.175E-06   0.173E-06   0.170E-06   0.167E-06   0.164E-06   0.159E-06
   22.500   0.175E-06   0.175E-06   0.174E-06   0.173E-06   0.172E-06   0.171E-06   0.169E-06   0.166E-06   0.163E-06   0.160E-06   0.156E-06
   22.600   0.170E-06   0.169E-06   0.169E-06   0.168E-06   0.167E-06   0.166E-06   0.164E-06   0.162E-06   0.159E-06   0.156E-06   0.153E-06
   22.700   0.165E-06   0.165E-06   0.164E-06   0.164E-06   0.163E-06   0.162E-06   0.160E-06   0.158E-06   0.155E-06   0.153E-06   0.149E-06
   22.800   0.160E-06   0.160E-06   0.160E-06   0.159E-06   0.158E-06   0.157E-06   0.156E-06   0.154E-06   0.152E-06   0.149E-06   0.146E-06
   22.900   0.155E-06   0.155E-06   0.155E-06   0.155E-06   0.154E-06   0.153E-06   0.152E-06   0.150E-06   0.148E-06   0.146E-06   0.143E-06
   23.000   0.151E-06   0.151E-06   0.151E-06   0.150E-06   0.150E-06   0.149E-06   0.148E-06   0.146E-06   0.145E-06   0.142E-06   0.140E-06
   23.100   0.147E-06   0.147E-06   0.146E-06   0.146E-06   0.146E-06   0.145E-06   0.144E-06   0.143E-06   0.141E-06   0.139E-06   0.137E-06
   23.200   0.143E-06   0.143E-06   0.142E-06   0.142E-06   0.142E-06   0.141E-06   0.140E-06   0.139E-06   0.138E-06   0.136E-06   0.134E-06
   23.300   0.139E-06   0.139E-06   0.139E-06   0.138E-06   0.138E-06   0.138E-06   0.137E-06   0.136E-06   0.135E-06   0.133E-06   0.131E-06
   23.400   0.135E-06   0.135E-06   0.135E-06   0.135E-06   0.134E-06   0.134E-06   0.133E-06   0.133E-06   0.131E-06   0.130E-06   0.128E-06
   23.500   0.131E-06   0.131E-06   0.131E-06   0.131E-06   0.131E-06   0.131E-06   0.130E-06   0.129E-06   0.128E-06   0.127E-06   0.125E-06
   23.600   0.128E-06   0.128E-06   0.128E-06   0.128E-06   0.128E-06   0.127E-06   0.127E-06   0.126E-06   0.125E-06   0.124E-06   0.123E-06
   23.700   0.124E-06   0.124E-06   0.124E-06   0.124E-06   0.124E-06   0.124E-06   0.124E-06   0.123E-06   0.122E-06   0.121E-06   0.120E-06
   23.800   0.121E-06   0.121E-06   0.121E-06   0.121E-06   0.121E-06   0.121E-06   0.121E-06   0.120E-06   0.120E-06   0.119E-06   0.117E-06
   23.900   0.118E-06   0.118E-06   0.118E-06   0.118E-06   0.118E-06   0.118E-06   0.118E-06   0.118E-06   0.117E-06   0.116E-06   0.115E-06
   24.000   0.115E-06   0.115E-06   0.115E-06   0.115E-06   0.115E-06   0.115E-06   0.115E-06   0.115E-06   0.114E-06   0.114E-06   0.113E-06
   24.100   0.112E-06   0.112E-06   0.112E-06   0.112E-06   0.112E-06   0.112E-06   0.112E-06   0.112E-06   0.112E-06   0.111E-06   0.110E-06
   24.200   0.109E-06   0.109E-06   0.109E-06   0.109E-06   0.110E-06   0.110E-06   0.110E-06   0.110E-06   0.109E-06   0.109E-06   0.108E-06
   24.300   0.106E-06   0.106E-06   0.106E-06   0.107E-06   0.107E-06   0.107E-06   0.107E-06   0.107E-06   0.107E-06   0.106E-06   0.106E-06
   24.400   0.104E-06   0.104E-06   0.104E-06   0.104E-06   0.104E-06   0.105E-06   0.105E-06   0.105E-06   0.105E-06   0.104E-06   0.104E-06
   24.500   0.101E-06   0.101E-06   0.101E-06   0.102E-06   0.102E-06   0.102E-06   0.102E-06   0.102E-06   0.102E-06   0.102E-06   0.101E-06
   24.600   0.987E-07   0.988E-07   0.989E-07   0.991E-07   0.994E-07   0.997E-07   0.999E-07   0.100E-06   0.100E-06   0.999E-07   0.994E-07
   24.700   0.963E-07   0.964E-07   0.966E-07   0.968E-07   0.971E-07   0.974E-07   0.977E-07   0.979E-07   0.979E-07   0.978E-07   0.974E-07
   24.800   0.941E-07   0.941E-07   0.943E-07   0.946E-07   0.949E-07   0.952E-07   0.955E-07   0.958E-07   0.959E-07   0.958E-07   0.955E-07
   24.900   0.919E-07   0.919E-07   0.921E-07   0.924E-07   0.927E-07   0.931E-07   0.934E-07   0.937E-07   0.938E-07   0.938E-07   0.936E-07
   25.000   0.897E-07   0.898E-07   0.900E-07   0.903E-07   0.906E-07   0.910E-07   0.914E-07   0.917E-07   0.919E-07   0.919E-07   0.918E-07
   25.100   0.877E-07   0.877E-07   0.879E-07   0.882E-07   0.886E-07   0.890E-07   0.894E-07   0.897E-07   0.900E-07   0.901E-07   0.900E-07
   25.200   0.857E-07   0.858E-07   0.860E-07   0.863E-07   0.866E-07   0.871E-07   0.875E-07   0.879E-07   0.881E-07   0.883E-07   0.882E-07
   25.300   0.838E-07   0.838E-07   0.840E-07   0.843E-07   0.847E-07   0.852E-07   0.856E-07   0.860E-07   0.863E-07   0.865E-07   0.865E-07
   25.400   0.819E-07   0.820E-07   0.822E-07   0.825E-07   0.829E-07   0.834E-07   0.838E-07   0.842E-07   0.846E-07   0.848E-07   0.849E-07
   25.500   0.801E-07   0.802E-07   0.804E-07   0.807E-07   0.811E-07   0.816E-07   0.821E-07   0.825E-07   0.829E-07   0.832E-07   0.833E-07
   25.600   0.784E-07   0.785E-07   0.787E-07   0.790E-07   0.794E-07   0.799E-07   0.804E-07   0.809E-07   0.813E-07   0.816E-07   0.817E-07
   25.700   0.767E-07   0.768E-07   0.770E-07   0.773E-07   0.777E-07   0.782E-07   0.787E-07   0.792E-07   0.797E-07   0.800E-07   0.802E-07
   25.800   0.751E-07   0.751E-07   0.754E-07   0.757E-07   0.761E-07   0.766E-07   0.771E-07   0.777E-07   0.781E-07   0.785E-07   0.787E-07
   25.900   0.735E-07   0.736E-07   0.738E-07   0.741E-07   0.745E-07   0.750E-07   0.756E-07   0.761E-07   0.766E-07   0.770E-07   0.773E-07
   26.000   0.720E-07   0.720E-07   0.723E-07   0.726E-07   0.730E-07   0.735E-07   0.741E-07   0.746E-07   0.751E-07   0.756E-07   0.758E-07
   26.100   0.705E-07   0.706E-07   0.708E-07   0.711E-07   0.716E-07   0.721E-07   0.726E-07   0.732E-07   0.737E-07   0.741E-07   0.745E-07
   26.200   0.691E-07   0.691E-07   0.693E-07   0.697E-07   0.701E-07   0.706E-07   0.712E-07   0.718E-07   0.723E-07   0.728E-07   0.731E-07
   26.300   0.677E-07   0.677E-07   0.680E-07   0.683E-07   0.687E-07   0.693E-07   0.698E-07   0.704E-07   0.710E-07   0.715E-07   0.718E-07
   26.400   0.663E-07   0.664E-07   0.666E-07   0.669E-07   0.674E-07   0.679E-07   0.685E-07   0.691E-07   0.697E-07   0.702E-07   0.706E-07
   26.500   0.650E-07   0.651E-07   0.653E-07   0.656E-07   0.661E-07   0.666E-07   0.672E-07   0.678E-07   0.684E-07   0.689E-07   0.693E-07
   26.600   0.637E-07   0.638E-07   0.640E-07   0.644E-07   0.648E-07   0.653E-07   0.659E-07   0.665E-07   0.671E-07   0.677E-07   0.681E-07
   26.700   0.625E-07   0.626E-07   0.628E-07   0.631E-07   0.636E-07   0.641E-07   0.647E-07   0.653E-07   0.659E-07   0.665E-07   0.669E-07
   26.800   0.613E-07   0.614E-07   0.616E-07   0.619E-07   0.624E-07   0.629E-07   0.635E-07   0.641E-07   0.647E-07   0.653E-07   0.658E-07
   26.900   0.602E-07   0.602E-07   0.604E-07   0.608E-07   0.612E-07   0.618E-07   0.623E-07   0.630E-07   0.636E-07   0.642E-07   0.647E-07
   27.000   0.590E-07   0.591E-07   0.593E-07   0.596E-07   0.601E-07   0.606E-07   0.612E-07   0.618E-07   0.625E-07   0.631E-07   0.636E-07
   27.100   0.579E-07   0.580E-07   0.582E-07   0.586E-07   0.590E-07   0.595E-07   0.601E-07   0.607E-07   0.614E-07   0.620E-07   0.625E-07
   27.200   0.569E-07   0.569E-07   0.572E-07   0.575E-07   0.579E-07   0.585E-07   0.591E-07   0.597E-07   0.603E-07   0.609E-07   0.615E-07
   27.300   0.558E-07   0.559E-07   0.561E-07   0.564E-07   0.569E-07   0.574E-07   0.580E-07   0.586E-07   0.593E-07   0.599E-07   0.604E-07
   27.400   0.548E-07   0.549E-07   0.551E-07   0.554E-07   0.559E-07   0.564E-07   0.570E-07   0.576E-07   0.583E-07   0.589E-07   0.595E-07
   27.500   0.539E-07   0.539E-07   0.541E-07   0.545E-07   0.549E-07   0.554E-07   0.560E-07   0.566E-07   0.573E-07   0.579E-07   0.585E-07
   27.600   0.529E-07   0.530E-07   0.532E-07   0.535E-07   0.539E-07   0.545E-07   0.551E-07   0.557E-07   0.563E-07   0.570E-07   0.575E-07
   27.700   0.520E-07   0.521E-07   0.523E-07   0.526E-07   0.530E-07   0.535E-07   0.541E-07   0.547E-07   0.554E-07   0.560E-07   0.566E-07
   27.800   0.511E-07   0.512E-07   0.514E-07   0.517E-07   0.521E-07   0.526E-07   0.532E-07   0.538E-07   0.545E-07   0.551E-07   0.557E-07
   27.900   0.502E-07   0.503E-07   0.505E-07   0.508E-07   0.512E-07   0.517E-07   0.523E-07   0.529E-07   0.536E-07   0.542E-07   0.548E-07
   28.000   0.494E-07   0.494E-07   0.496E-07   0.499E-07   0.504E-07   0.509E-07   0.514E-07   0.521E-07   0.527E-07   0.534E-07   0.540E-07
   28.100   0.485E-07   0.486E-07   0.488E-07   0.491E-07   0.495E-07   0.500E-07   0.506E-07   0.512E-07   0.519E-07   0.525E-07   0.531E-07
   28.200   0.477E-07   0.478E-07   0.480E-07   0.483E-07   0.487E-07   0.492E-07   0.498E-07   0.504E-07   0.511E-07   0.517E-07   0.523E-07
   28.300   0.469E-07   0.470E-07   0.472E-07   0.475E-07   0.479E-07   0.484E-07   0.490E-07   0.496E-07   0.503E-07   0.509E-07   0.515E-07
   28.400   0.462E-07   0.462E-07   0.464E-07   0.467E-07   0.471E-07   0.476E-07   0.482E-07   0.488E-07   0.495E-07   0.501E-07   0.507E-07
   28.500   0.454E-07   0.455E-07   0.457E-07   0.460E-07   0.464E-07   0.469E-07   0.474E-07   0.480E-07   0.487E-07   0.493E-07   0.500E-07
   28.600   0.447E-07   0.447E-07   0.449E-07   0.452E-07   0.456E-07   0.461E-07   0.467E-07   0.473E-07   0.479E-07   0.486E-07   0.492E-07
   28.700   0.440E-07   0.440E-07   0.442E-07   0.445E-07   0.449E-07   0.454E-07   0.460E-07   0.466E-07   0.472E-07   0.479E-07   0.485E-07
   28.800   0.433E-07   0.433E-07   0.435E-07   0.438E-07   0.442E-07   0.447E-07   0.452E-07   0.459E-07   0.465E-07   0.471E-07   0.478E-07
   28.900   0.426E-07   0.427E-07   0.428E-07   0.431E-07   0.435E-07   0.440E-07   0.446E-07   0.452E-07   0.458E-07   0.464E-07   0.471E-07
   29.000   0.419E-07   0.420E-07   0.422E-07   0.425E-07   0.429E-07   0.433E-07   0.439E-07   0.445E-07   0.451E-07   0.458E-07   0.464E-07
   29.100   0.413E-07   0.414E-07   0.415E-07   0.418E-07   0.422E-07   0.427E-07   0.432E-07   0.438E-07   0.444E-07   0.451E-07   0.457E-07
   29.200   0.407E-07   0.407E-07   0.409E-07   0.412E-07   0.416E-07   0.420E-07   0.426E-07   0.432E-07   0.438E-07   0.444E-07   0.451E-07
   29.300   0.401E-07   0.401E-07   0.403E-07   0.406E-07   0.409E-07   0.414E-07   0.419E-07   0.425E-07   0.432E-07   0.438E-07   0.444E-07
   29.400   0.395E-07   0.395E-07   0.397E-07   0.400E-07   0.403E-07   0.408E-07   0.413E-07   0.419E-07   0.425E-07   0.432E-07   0.438E-07
   29.500   0.389E-07   0.389E-07   0.391E-07   0.394E-07   0.397E-07   0.402E-07   0.407E-07   0.413E-07   0.419E-07   0.425E-07   0.432E-07
   29.600   0.383E-07   0.384E-07   0.385E-07   0.388E-07   0.392E-07   0.396E-07   0.401E-07   0.407E-07   0.413E-07   0.419E-07   0.426E-07
   29.700   0.377E-07   0.378E-07   0.380E-07   0.382E-07   0.386E-07   0.390E-07   0.396E-07   0.401E-07   0.407E-07   0.414E-07   0.420E-07
   29.800   0.372E-07   0.373E-07   0.374E-07   0.377E-07   0.380E-07   0.385E-07   0.390E-07   0.396E-07   0.402E-07   0.408E-07   0.414E-07
   29.900   0.367E-07   0.367E-07   0.369E-07   0.371E-07   0.375E-07   0.379E-07   0.384E-07   0.390E-07   0.396E-07   0.402E-07   0.408E-07
   30.000   0.361E-07   0.362E-07   0.364E-07   0.366E-07   0.370E-07   0.374E-07   0.379E-07   0.385E-07   0.391E-07   0.397E-07   0.403E-07
