# fe1_the_018_030_photoabs_h_SMLO.dat                    
#
# Z = 18, A = 30
#
# Parameters:  Er1 = 19.637,  Wr1 =  6.124,  S1 =   0.800,  Er2 = 23.374,  Wr2 =  7.163,  S2 =   0.400,  beta= -0.197
# No. of entries:  300
# Col 1: photon energy E in MeV
# Col 2-11: E1 photoabsorption PSF (fe1 in MeV^-3) for nucleus at the temperatures T=0-2 MeV
# Format: f9.3, 11e12.3
# Authors:  V.A.Plujko, O.M. Gorbachenko, K.M. Solodovnyk (TSNU)
#   E         T=0.0       T=0.2       T=0.4       T=0.6       T=0.8       T=1.0       T=1.2       T=1.4       T=1.6       T=1.8       T=2.0
    0.100   0.498E-12   0.225E-11   0.927E-11   0.260E-10   0.571E-10   0.107E-09   0.181E-09   0.283E-09   0.418E-09   0.591E-09   0.806E-09
    0.200   0.199E-11   0.438E-11   0.130E-10   0.317E-10   0.652E-10   0.118E-09   0.195E-09   0.301E-09   0.440E-09   0.617E-09   0.837E-09
    0.300   0.449E-11   0.727E-11   0.173E-10   0.380E-10   0.739E-10   0.130E-09   0.210E-09   0.319E-09   0.462E-09   0.644E-09   0.868E-09
    0.400   0.798E-11   0.110E-10   0.224E-10   0.451E-10   0.834E-10   0.142E-09   0.225E-09   0.338E-09   0.485E-09   0.671E-09   0.901E-09
    0.500   0.125E-10   0.157E-10   0.284E-10   0.530E-10   0.937E-10   0.155E-09   0.242E-09   0.358E-09   0.510E-09   0.700E-09   0.934E-09
    0.600   0.180E-10   0.214E-10   0.351E-10   0.616E-10   0.105E-09   0.169E-09   0.259E-09   0.379E-09   0.535E-09   0.730E-09   0.969E-09
    0.700   0.245E-10   0.280E-10   0.428E-10   0.711E-10   0.117E-09   0.184E-09   0.277E-09   0.401E-09   0.561E-09   0.760E-09   0.100E-08
    0.800   0.320E-10   0.358E-10   0.514E-10   0.815E-10   0.129E-09   0.199E-09   0.296E-09   0.424E-09   0.588E-09   0.792E-09   0.104E-08
    0.900   0.405E-10   0.445E-10   0.610E-10   0.928E-10   0.143E-09   0.216E-09   0.316E-09   0.448E-09   0.616E-09   0.825E-09   0.108E-08
    1.000   0.501E-10   0.543E-10   0.715E-10   0.105E-09   0.158E-09   0.233E-09   0.337E-09   0.472E-09   0.645E-09   0.858E-09   0.112E-08
    1.100   0.606E-10   0.652E-10   0.831E-10   0.118E-09   0.173E-09   0.252E-09   0.359E-09   0.498E-09   0.675E-09   0.893E-09   0.116E-08
    1.200   0.722E-10   0.771E-10   0.958E-10   0.132E-09   0.190E-09   0.271E-09   0.381E-09   0.525E-09   0.706E-09   0.929E-09   0.120E-08
    1.300   0.849E-10   0.901E-10   0.109E-09   0.148E-09   0.207E-09   0.291E-09   0.405E-09   0.552E-09   0.738E-09   0.966E-09   0.124E-08
    1.400   0.986E-10   0.104E-09   0.124E-09   0.164E-09   0.226E-09   0.313E-09   0.430E-09   0.581E-09   0.771E-09   0.100E-08   0.129E-08
    1.500   0.113E-09   0.119E-09   0.140E-09   0.181E-09   0.245E-09   0.335E-09   0.456E-09   0.611E-09   0.805E-09   0.104E-08   0.133E-08
    1.600   0.129E-09   0.135E-09   0.157E-09   0.200E-09   0.266E-09   0.359E-09   0.483E-09   0.642E-09   0.841E-09   0.108E-08   0.138E-08
    1.700   0.146E-09   0.153E-09   0.175E-09   0.219E-09   0.287E-09   0.383E-09   0.511E-09   0.674E-09   0.877E-09   0.113E-08   0.142E-08
    1.800   0.164E-09   0.171E-09   0.195E-09   0.240E-09   0.310E-09   0.409E-09   0.540E-09   0.707E-09   0.915E-09   0.117E-08   0.147E-08
    1.900   0.183E-09   0.191E-09   0.215E-09   0.262E-09   0.334E-09   0.436E-09   0.570E-09   0.742E-09   0.954E-09   0.121E-08   0.152E-08
    2.000   0.203E-09   0.211E-09   0.236E-09   0.285E-09   0.359E-09   0.464E-09   0.602E-09   0.777E-09   0.995E-09   0.126E-08   0.157E-08
    2.100   0.224E-09   0.233E-09   0.259E-09   0.309E-09   0.386E-09   0.493E-09   0.635E-09   0.814E-09   0.104E-08   0.131E-08   0.163E-08
    2.200   0.247E-09   0.256E-09   0.283E-09   0.334E-09   0.413E-09   0.523E-09   0.669E-09   0.852E-09   0.108E-08   0.135E-08   0.168E-08
    2.300   0.270E-09   0.280E-09   0.308E-09   0.361E-09   0.442E-09   0.555E-09   0.704E-09   0.892E-09   0.112E-08   0.140E-08   0.174E-08
    2.400   0.295E-09   0.305E-09   0.334E-09   0.389E-09   0.472E-09   0.588E-09   0.740E-09   0.933E-09   0.117E-08   0.145E-08   0.179E-08
    2.500   0.321E-09   0.331E-09   0.362E-09   0.418E-09   0.503E-09   0.622E-09   0.778E-09   0.975E-09   0.122E-08   0.151E-08   0.185E-08
    2.600   0.348E-09   0.359E-09   0.390E-09   0.448E-09   0.536E-09   0.658E-09   0.817E-09   0.102E-08   0.126E-08   0.156E-08   0.191E-08
    2.700   0.376E-09   0.387E-09   0.420E-09   0.480E-09   0.570E-09   0.695E-09   0.858E-09   0.106E-08   0.131E-08   0.162E-08   0.197E-08
    2.800   0.406E-09   0.417E-09   0.452E-09   0.512E-09   0.605E-09   0.733E-09   0.900E-09   0.111E-08   0.137E-08   0.167E-08   0.204E-08
    2.900   0.437E-09   0.448E-09   0.484E-09   0.547E-09   0.641E-09   0.772E-09   0.943E-09   0.116E-08   0.142E-08   0.173E-08   0.210E-08
    3.000   0.469E-09   0.481E-09   0.518E-09   0.582E-09   0.679E-09   0.813E-09   0.988E-09   0.121E-08   0.147E-08   0.179E-08   0.217E-08
    3.100   0.502E-09   0.515E-09   0.553E-09   0.619E-09   0.719E-09   0.856E-09   0.103E-08   0.126E-08   0.153E-08   0.185E-08   0.224E-08
    3.200   0.537E-09   0.550E-09   0.589E-09   0.657E-09   0.760E-09   0.900E-09   0.108E-08   0.131E-08   0.159E-08   0.192E-08   0.231E-08
    3.300   0.573E-09   0.586E-09   0.627E-09   0.697E-09   0.802E-09   0.945E-09   0.113E-08   0.136E-08   0.165E-08   0.198E-08   0.238E-08
    3.400   0.610E-09   0.624E-09   0.666E-09   0.738E-09   0.845E-09   0.992E-09   0.118E-08   0.142E-08   0.171E-08   0.205E-08   0.245E-08
    3.500   0.648E-09   0.663E-09   0.706E-09   0.781E-09   0.891E-09   0.104E-08   0.123E-08   0.148E-08   0.177E-08   0.212E-08   0.253E-08
    3.600   0.688E-09   0.703E-09   0.748E-09   0.825E-09   0.937E-09   0.109E-08   0.129E-08   0.154E-08   0.183E-08   0.219E-08   0.261E-08
    3.700   0.730E-09   0.745E-09   0.792E-09   0.870E-09   0.986E-09   0.114E-08   0.134E-08   0.160E-08   0.190E-08   0.226E-08   0.269E-08
    3.800   0.773E-09   0.789E-09   0.836E-09   0.917E-09   0.104E-08   0.120E-08   0.140E-08   0.166E-08   0.197E-08   0.234E-08   0.277E-08
    3.900   0.817E-09   0.834E-09   0.883E-09   0.966E-09   0.109E-08   0.125E-08   0.146E-08   0.172E-08   0.204E-08   0.241E-08   0.285E-08
    4.000   0.863E-09   0.880E-09   0.930E-09   0.102E-08   0.114E-08   0.131E-08   0.152E-08   0.179E-08   0.211E-08   0.249E-08   0.294E-08
    4.100   0.911E-09   0.928E-09   0.980E-09   0.107E-08   0.119E-08   0.137E-08   0.159E-08   0.186E-08   0.219E-08   0.257E-08   0.303E-08
    4.200   0.960E-09   0.977E-09   0.103E-08   0.112E-08   0.125E-08   0.143E-08   0.165E-08   0.193E-08   0.226E-08   0.266E-08   0.312E-08
    4.300   0.101E-08   0.103E-08   0.108E-08   0.118E-08   0.131E-08   0.149E-08   0.172E-08   0.200E-08   0.234E-08   0.274E-08   0.321E-08
    4.400   0.106E-08   0.108E-08   0.114E-08   0.123E-08   0.137E-08   0.155E-08   0.178E-08   0.207E-08   0.242E-08   0.283E-08   0.331E-08
    4.500   0.112E-08   0.114E-08   0.119E-08   0.129E-08   0.143E-08   0.162E-08   0.186E-08   0.215E-08   0.250E-08   0.292E-08   0.340E-08
    4.600   0.117E-08   0.119E-08   0.125E-08   0.135E-08   0.149E-08   0.168E-08   0.193E-08   0.223E-08   0.259E-08   0.301E-08   0.350E-08
    4.700   0.123E-08   0.125E-08   0.131E-08   0.141E-08   0.156E-08   0.175E-08   0.200E-08   0.231E-08   0.267E-08   0.310E-08   0.361E-08
    4.800   0.129E-08   0.131E-08   0.137E-08   0.148E-08   0.163E-08   0.183E-08   0.208E-08   0.239E-08   0.276E-08   0.320E-08   0.371E-08
    4.900   0.135E-08   0.137E-08   0.144E-08   0.154E-08   0.170E-08   0.190E-08   0.216E-08   0.247E-08   0.285E-08   0.330E-08   0.382E-08
    5.000   0.141E-08   0.143E-08   0.150E-08   0.161E-08   0.177E-08   0.198E-08   0.224E-08   0.256E-08   0.295E-08   0.340E-08   0.393E-08
    5.100   0.148E-08   0.150E-08   0.157E-08   0.168E-08   0.184E-08   0.205E-08   0.232E-08   0.265E-08   0.304E-08   0.351E-08   0.404E-08
    5.200   0.154E-08   0.157E-08   0.164E-08   0.175E-08   0.192E-08   0.213E-08   0.241E-08   0.274E-08   0.314E-08   0.361E-08   0.416E-08
    5.300   0.161E-08   0.164E-08   0.171E-08   0.183E-08   0.199E-08   0.222E-08   0.250E-08   0.284E-08   0.324E-08   0.372E-08   0.428E-08
    5.400   0.168E-08   0.171E-08   0.178E-08   0.190E-08   0.207E-08   0.230E-08   0.259E-08   0.293E-08   0.335E-08   0.384E-08   0.440E-08
    5.500   0.176E-08   0.178E-08   0.186E-08   0.198E-08   0.216E-08   0.239E-08   0.268E-08   0.303E-08   0.346E-08   0.395E-08   0.452E-08
    5.600   0.183E-08   0.186E-08   0.193E-08   0.206E-08   0.224E-08   0.248E-08   0.277E-08   0.313E-08   0.357E-08   0.407E-08   0.465E-08
    5.700   0.191E-08   0.193E-08   0.201E-08   0.214E-08   0.233E-08   0.257E-08   0.287E-08   0.324E-08   0.368E-08   0.419E-08   0.478E-08
    5.800   0.199E-08   0.202E-08   0.210E-08   0.223E-08   0.242E-08   0.266E-08   0.297E-08   0.335E-08   0.379E-08   0.432E-08   0.492E-08
    5.900   0.207E-08   0.210E-08   0.218E-08   0.232E-08   0.251E-08   0.276E-08   0.308E-08   0.346E-08   0.391E-08   0.444E-08   0.505E-08
    6.000   0.215E-08   0.218E-08   0.227E-08   0.241E-08   0.260E-08   0.286E-08   0.318E-08   0.357E-08   0.403E-08   0.457E-08   0.519E-08
    6.100   0.224E-08   0.227E-08   0.236E-08   0.250E-08   0.270E-08   0.296E-08   0.329E-08   0.369E-08   0.416E-08   0.471E-08   0.534E-08
    6.200   0.233E-08   0.236E-08   0.245E-08   0.259E-08   0.280E-08   0.307E-08   0.340E-08   0.381E-08   0.429E-08   0.485E-08   0.549E-08
    6.300   0.242E-08   0.245E-08   0.254E-08   0.269E-08   0.290E-08   0.318E-08   0.352E-08   0.393E-08   0.442E-08   0.499E-08   0.564E-08
    6.400   0.252E-08   0.255E-08   0.264E-08   0.279E-08   0.301E-08   0.329E-08   0.364E-08   0.406E-08   0.455E-08   0.513E-08   0.580E-08
    6.500   0.262E-08   0.265E-08   0.274E-08   0.290E-08   0.312E-08   0.340E-08   0.376E-08   0.419E-08   0.469E-08   0.528E-08   0.596E-08
    6.600   0.272E-08   0.275E-08   0.284E-08   0.300E-08   0.323E-08   0.352E-08   0.388E-08   0.432E-08   0.483E-08   0.543E-08   0.612E-08
    6.700   0.282E-08   0.285E-08   0.295E-08   0.311E-08   0.334E-08   0.364E-08   0.401E-08   0.445E-08   0.498E-08   0.559E-08   0.629E-08
    6.800   0.292E-08   0.296E-08   0.306E-08   0.323E-08   0.346E-08   0.376E-08   0.414E-08   0.459E-08   0.513E-08   0.575E-08   0.646E-08
    6.900   0.303E-08   0.307E-08   0.317E-08   0.334E-08   0.358E-08   0.389E-08   0.428E-08   0.474E-08   0.528E-08   0.591E-08   0.664E-08
    7.000   0.315E-08   0.318E-08   0.329E-08   0.346E-08   0.371E-08   0.402E-08   0.441E-08   0.489E-08   0.544E-08   0.608E-08   0.682E-08
    7.100   0.326E-08   0.330E-08   0.341E-08   0.358E-08   0.383E-08   0.416E-08   0.456E-08   0.504E-08   0.560E-08   0.626E-08   0.700E-08
    7.200   0.338E-08   0.342E-08   0.353E-08   0.371E-08   0.397E-08   0.430E-08   0.470E-08   0.519E-08   0.577E-08   0.644E-08   0.719E-08
    7.300   0.350E-08   0.354E-08   0.365E-08   0.384E-08   0.410E-08   0.444E-08   0.485E-08   0.535E-08   0.594E-08   0.662E-08   0.739E-08
    7.400   0.363E-08   0.367E-08   0.378E-08   0.397E-08   0.424E-08   0.458E-08   0.501E-08   0.552E-08   0.612E-08   0.681E-08   0.759E-08
    7.500   0.376E-08   0.380E-08   0.392E-08   0.411E-08   0.438E-08   0.474E-08   0.517E-08   0.569E-08   0.630E-08   0.700E-08   0.780E-08
    7.600   0.389E-08   0.393E-08   0.405E-08   0.425E-08   0.453E-08   0.489E-08   0.533E-08   0.586E-08   0.648E-08   0.719E-08   0.801E-08
    7.700   0.403E-08   0.407E-08   0.420E-08   0.440E-08   0.468E-08   0.505E-08   0.550E-08   0.604E-08   0.667E-08   0.740E-08   0.822E-08
    7.800   0.417E-08   0.422E-08   0.434E-08   0.455E-08   0.484E-08   0.521E-08   0.567E-08   0.622E-08   0.687E-08   0.761E-08   0.845E-08
    7.900   0.432E-08   0.436E-08   0.449E-08   0.470E-08   0.500E-08   0.538E-08   0.585E-08   0.641E-08   0.707E-08   0.782E-08   0.867E-08
    8.000   0.447E-08   0.451E-08   0.464E-08   0.486E-08   0.516E-08   0.555E-08   0.603E-08   0.660E-08   0.727E-08   0.804E-08   0.891E-08
    8.100   0.463E-08   0.467E-08   0.480E-08   0.502E-08   0.533E-08   0.573E-08   0.622E-08   0.680E-08   0.748E-08   0.826E-08   0.915E-08
    8.200   0.479E-08   0.483E-08   0.497E-08   0.519E-08   0.551E-08   0.591E-08   0.641E-08   0.701E-08   0.770E-08   0.850E-08   0.940E-08
    8.300   0.495E-08   0.500E-08   0.513E-08   0.537E-08   0.569E-08   0.610E-08   0.661E-08   0.722E-08   0.792E-08   0.873E-08   0.965E-08
    8.400   0.512E-08   0.517E-08   0.531E-08   0.554E-08   0.587E-08   0.630E-08   0.682E-08   0.743E-08   0.815E-08   0.898E-08   0.991E-08
    8.500   0.529E-08   0.534E-08   0.549E-08   0.573E-08   0.606E-08   0.650E-08   0.703E-08   0.766E-08   0.839E-08   0.923E-08   0.102E-07
    8.600   0.547E-08   0.552E-08   0.567E-08   0.592E-08   0.626E-08   0.670E-08   0.724E-08   0.788E-08   0.863E-08   0.949E-08   0.105E-07
    8.700   0.566E-08   0.571E-08   0.586E-08   0.611E-08   0.646E-08   0.691E-08   0.746E-08   0.812E-08   0.888E-08   0.975E-08   0.107E-07
    8.800   0.585E-08   0.590E-08   0.606E-08   0.631E-08   0.667E-08   0.713E-08   0.769E-08   0.836E-08   0.914E-08   0.100E-07   0.110E-07
    8.900   0.605E-08   0.610E-08   0.626E-08   0.652E-08   0.688E-08   0.735E-08   0.793E-08   0.861E-08   0.940E-08   0.103E-07   0.113E-07
    9.000   0.625E-08   0.630E-08   0.646E-08   0.673E-08   0.711E-08   0.759E-08   0.817E-08   0.887E-08   0.967E-08   0.106E-07   0.116E-07
    9.100   0.646E-08   0.651E-08   0.668E-08   0.695E-08   0.733E-08   0.782E-08   0.842E-08   0.913E-08   0.995E-08   0.109E-07   0.119E-07
    9.200   0.668E-08   0.673E-08   0.690E-08   0.718E-08   0.757E-08   0.807E-08   0.868E-08   0.940E-08   0.102E-07   0.112E-07   0.123E-07
    9.300   0.690E-08   0.695E-08   0.713E-08   0.741E-08   0.781E-08   0.832E-08   0.894E-08   0.968E-08   0.105E-07   0.115E-07   0.126E-07
    9.400   0.713E-08   0.719E-08   0.736E-08   0.765E-08   0.806E-08   0.858E-08   0.922E-08   0.997E-08   0.108E-07   0.118E-07   0.129E-07
    9.500   0.736E-08   0.742E-08   0.760E-08   0.790E-08   0.832E-08   0.885E-08   0.950E-08   0.103E-07   0.112E-07   0.122E-07   0.133E-07
    9.600   0.761E-08   0.767E-08   0.785E-08   0.816E-08   0.858E-08   0.912E-08   0.979E-08   0.106E-07   0.115E-07   0.125E-07   0.136E-07
    9.700   0.786E-08   0.792E-08   0.811E-08   0.842E-08   0.885E-08   0.941E-08   0.101E-07   0.109E-07   0.118E-07   0.129E-07   0.140E-07
    9.800   0.812E-08   0.819E-08   0.838E-08   0.869E-08   0.914E-08   0.970E-08   0.104E-07   0.112E-07   0.121E-07   0.132E-07   0.144E-07
    9.900   0.839E-08   0.846E-08   0.865E-08   0.898E-08   0.943E-08   0.100E-07   0.107E-07   0.115E-07   0.125E-07   0.136E-07   0.148E-07
   10.000   0.867E-08   0.874E-08   0.893E-08   0.927E-08   0.973E-08   0.103E-07   0.110E-07   0.119E-07   0.129E-07   0.140E-07   0.152E-07
   10.100   0.896E-08   0.902E-08   0.923E-08   0.957E-08   0.100E-07   0.106E-07   0.114E-07   0.122E-07   0.132E-07   0.144E-07   0.156E-07
   10.200   0.925E-08   0.932E-08   0.953E-08   0.988E-08   0.104E-07   0.110E-07   0.117E-07   0.126E-07   0.136E-07   0.148E-07   0.160E-07
   10.300   0.956E-08   0.963E-08   0.984E-08   0.102E-07   0.107E-07   0.113E-07   0.121E-07   0.130E-07   0.140E-07   0.152E-07   0.165E-07
   10.400   0.988E-08   0.995E-08   0.102E-07   0.105E-07   0.110E-07   0.117E-07   0.125E-07   0.134E-07   0.144E-07   0.156E-07   0.169E-07
   10.500   0.102E-07   0.103E-07   0.105E-07   0.109E-07   0.114E-07   0.120E-07   0.128E-07   0.138E-07   0.148E-07   0.161E-07   0.174E-07
   10.600   0.105E-07   0.106E-07   0.108E-07   0.112E-07   0.117E-07   0.124E-07   0.132E-07   0.142E-07   0.153E-07   0.165E-07   0.179E-07
   10.700   0.109E-07   0.110E-07   0.112E-07   0.116E-07   0.121E-07   0.128E-07   0.136E-07   0.146E-07   0.157E-07   0.170E-07   0.184E-07
   10.800   0.113E-07   0.113E-07   0.116E-07   0.120E-07   0.125E-07   0.132E-07   0.141E-07   0.151E-07   0.162E-07   0.175E-07   0.189E-07
   10.900   0.116E-07   0.117E-07   0.120E-07   0.124E-07   0.129E-07   0.136E-07   0.145E-07   0.155E-07   0.167E-07   0.180E-07   0.194E-07
   11.000   0.120E-07   0.121E-07   0.123E-07   0.128E-07   0.133E-07   0.141E-07   0.149E-07   0.160E-07   0.172E-07   0.185E-07   0.200E-07
   11.100   0.124E-07   0.125E-07   0.128E-07   0.132E-07   0.138E-07   0.145E-07   0.154E-07   0.165E-07   0.177E-07   0.190E-07   0.205E-07
   11.200   0.128E-07   0.129E-07   0.132E-07   0.136E-07   0.142E-07   0.150E-07   0.159E-07   0.170E-07   0.182E-07   0.196E-07   0.211E-07
   11.300   0.133E-07   0.134E-07   0.136E-07   0.141E-07   0.147E-07   0.154E-07   0.164E-07   0.175E-07   0.187E-07   0.201E-07   0.217E-07
   11.400   0.137E-07   0.138E-07   0.141E-07   0.145E-07   0.151E-07   0.159E-07   0.169E-07   0.180E-07   0.193E-07   0.207E-07   0.223E-07
   11.500   0.142E-07   0.143E-07   0.145E-07   0.150E-07   0.156E-07   0.164E-07   0.174E-07   0.186E-07   0.199E-07   0.213E-07   0.229E-07
   11.600   0.147E-07   0.148E-07   0.150E-07   0.155E-07   0.161E-07   0.170E-07   0.180E-07   0.191E-07   0.205E-07   0.220E-07   0.236E-07
   11.700   0.152E-07   0.152E-07   0.155E-07   0.160E-07   0.167E-07   0.175E-07   0.185E-07   0.197E-07   0.211E-07   0.226E-07   0.242E-07
   11.800   0.157E-07   0.158E-07   0.161E-07   0.165E-07   0.172E-07   0.181E-07   0.191E-07   0.203E-07   0.217E-07   0.233E-07   0.249E-07
   11.900   0.162E-07   0.163E-07   0.166E-07   0.171E-07   0.178E-07   0.187E-07   0.197E-07   0.210E-07   0.224E-07   0.239E-07   0.256E-07
   12.000   0.168E-07   0.169E-07   0.172E-07   0.177E-07   0.184E-07   0.193E-07   0.204E-07   0.216E-07   0.231E-07   0.246E-07   0.264E-07
   12.100   0.173E-07   0.174E-07   0.178E-07   0.183E-07   0.190E-07   0.199E-07   0.210E-07   0.223E-07   0.238E-07   0.254E-07   0.271E-07
   12.200   0.179E-07   0.180E-07   0.184E-07   0.189E-07   0.196E-07   0.206E-07   0.217E-07   0.230E-07   0.245E-07   0.261E-07   0.279E-07
   12.300   0.186E-07   0.187E-07   0.190E-07   0.195E-07   0.203E-07   0.213E-07   0.224E-07   0.237E-07   0.253E-07   0.269E-07   0.287E-07
   12.400   0.192E-07   0.193E-07   0.196E-07   0.202E-07   0.210E-07   0.220E-07   0.231E-07   0.245E-07   0.260E-07   0.277E-07   0.296E-07
   12.500   0.199E-07   0.200E-07   0.203E-07   0.209E-07   0.217E-07   0.227E-07   0.239E-07   0.253E-07   0.268E-07   0.286E-07   0.304E-07
   12.600   0.206E-07   0.207E-07   0.210E-07   0.216E-07   0.224E-07   0.234E-07   0.247E-07   0.261E-07   0.277E-07   0.294E-07   0.313E-07
   12.700   0.213E-07   0.214E-07   0.218E-07   0.224E-07   0.232E-07   0.242E-07   0.255E-07   0.269E-07   0.285E-07   0.303E-07   0.322E-07
   12.800   0.220E-07   0.222E-07   0.225E-07   0.231E-07   0.240E-07   0.250E-07   0.263E-07   0.278E-07   0.294E-07   0.312E-07   0.332E-07
   12.900   0.228E-07   0.230E-07   0.233E-07   0.239E-07   0.248E-07   0.259E-07   0.272E-07   0.287E-07   0.304E-07   0.322E-07   0.341E-07
   13.000   0.236E-07   0.238E-07   0.242E-07   0.248E-07   0.257E-07   0.268E-07   0.281E-07   0.296E-07   0.313E-07   0.332E-07   0.351E-07
   13.100   0.245E-07   0.246E-07   0.250E-07   0.257E-07   0.266E-07   0.277E-07   0.290E-07   0.306E-07   0.323E-07   0.342E-07   0.362E-07
   13.200   0.254E-07   0.255E-07   0.259E-07   0.266E-07   0.275E-07   0.286E-07   0.300E-07   0.316E-07   0.333E-07   0.352E-07   0.373E-07
   13.300   0.263E-07   0.264E-07   0.268E-07   0.275E-07   0.284E-07   0.296E-07   0.310E-07   0.326E-07   0.344E-07   0.363E-07   0.384E-07
   13.400   0.273E-07   0.274E-07   0.278E-07   0.285E-07   0.294E-07   0.306E-07   0.321E-07   0.337E-07   0.355E-07   0.374E-07   0.395E-07
   13.500   0.283E-07   0.284E-07   0.288E-07   0.295E-07   0.305E-07   0.317E-07   0.332E-07   0.348E-07   0.366E-07   0.386E-07   0.407E-07
   13.600   0.293E-07   0.294E-07   0.299E-07   0.306E-07   0.316E-07   0.328E-07   0.343E-07   0.360E-07   0.378E-07   0.398E-07   0.419E-07
   13.700   0.304E-07   0.305E-07   0.310E-07   0.317E-07   0.327E-07   0.340E-07   0.355E-07   0.372E-07   0.390E-07   0.410E-07   0.431E-07
   13.800   0.315E-07   0.317E-07   0.321E-07   0.329E-07   0.339E-07   0.352E-07   0.367E-07   0.384E-07   0.403E-07   0.423E-07   0.444E-07
   13.900   0.327E-07   0.328E-07   0.333E-07   0.341E-07   0.351E-07   0.364E-07   0.380E-07   0.397E-07   0.416E-07   0.437E-07   0.458E-07
   14.000   0.339E-07   0.341E-07   0.345E-07   0.353E-07   0.364E-07   0.377E-07   0.393E-07   0.410E-07   0.430E-07   0.450E-07   0.472E-07
   14.100   0.352E-07   0.354E-07   0.358E-07   0.366E-07   0.377E-07   0.391E-07   0.406E-07   0.424E-07   0.444E-07   0.464E-07   0.486E-07
   14.200   0.365E-07   0.367E-07   0.372E-07   0.380E-07   0.391E-07   0.405E-07   0.421E-07   0.439E-07   0.458E-07   0.479E-07   0.500E-07
   14.300   0.380E-07   0.381E-07   0.386E-07   0.394E-07   0.405E-07   0.419E-07   0.435E-07   0.454E-07   0.473E-07   0.494E-07   0.516E-07
   14.400   0.394E-07   0.396E-07   0.401E-07   0.409E-07   0.420E-07   0.434E-07   0.451E-07   0.469E-07   0.489E-07   0.510E-07   0.531E-07
   14.500   0.409E-07   0.411E-07   0.416E-07   0.425E-07   0.436E-07   0.450E-07   0.467E-07   0.485E-07   0.505E-07   0.526E-07   0.547E-07
   14.600   0.425E-07   0.427E-07   0.432E-07   0.441E-07   0.452E-07   0.467E-07   0.483E-07   0.502E-07   0.522E-07   0.543E-07   0.564E-07
   14.700   0.442E-07   0.444E-07   0.449E-07   0.458E-07   0.469E-07   0.484E-07   0.501E-07   0.519E-07   0.539E-07   0.560E-07   0.581E-07
   14.800   0.459E-07   0.461E-07   0.467E-07   0.475E-07   0.487E-07   0.502E-07   0.519E-07   0.537E-07   0.557E-07   0.578E-07   0.598E-07
   14.900   0.478E-07   0.480E-07   0.485E-07   0.494E-07   0.506E-07   0.520E-07   0.537E-07   0.556E-07   0.576E-07   0.596E-07   0.616E-07
   15.000   0.497E-07   0.499E-07   0.504E-07   0.513E-07   0.525E-07   0.540E-07   0.557E-07   0.575E-07   0.595E-07   0.615E-07   0.634E-07
   15.100   0.517E-07   0.518E-07   0.524E-07   0.533E-07   0.545E-07   0.560E-07   0.577E-07   0.595E-07   0.615E-07   0.634E-07   0.653E-07
   15.200   0.537E-07   0.539E-07   0.545E-07   0.554E-07   0.566E-07   0.581E-07   0.598E-07   0.616E-07   0.635E-07   0.654E-07   0.673E-07
   15.300   0.559E-07   0.561E-07   0.566E-07   0.576E-07   0.588E-07   0.602E-07   0.619E-07   0.637E-07   0.656E-07   0.675E-07   0.692E-07
   15.400   0.582E-07   0.584E-07   0.589E-07   0.598E-07   0.610E-07   0.625E-07   0.642E-07   0.659E-07   0.678E-07   0.696E-07   0.713E-07
   15.500   0.605E-07   0.607E-07   0.613E-07   0.622E-07   0.634E-07   0.648E-07   0.665E-07   0.682E-07   0.700E-07   0.718E-07   0.734E-07
   15.600   0.630E-07   0.632E-07   0.638E-07   0.646E-07   0.658E-07   0.673E-07   0.689E-07   0.706E-07   0.723E-07   0.740E-07   0.755E-07
   15.700   0.656E-07   0.658E-07   0.663E-07   0.672E-07   0.684E-07   0.698E-07   0.714E-07   0.730E-07   0.747E-07   0.763E-07   0.777E-07
   15.800   0.683E-07   0.685E-07   0.690E-07   0.699E-07   0.710E-07   0.724E-07   0.740E-07   0.755E-07   0.771E-07   0.786E-07   0.799E-07
   15.900   0.711E-07   0.713E-07   0.718E-07   0.727E-07   0.738E-07   0.751E-07   0.766E-07   0.781E-07   0.796E-07   0.810E-07   0.821E-07
   16.000   0.740E-07   0.742E-07   0.747E-07   0.755E-07   0.766E-07   0.779E-07   0.794E-07   0.808E-07   0.822E-07   0.834E-07   0.844E-07
   16.100   0.771E-07   0.772E-07   0.777E-07   0.785E-07   0.796E-07   0.808E-07   0.822E-07   0.835E-07   0.848E-07   0.859E-07   0.867E-07
   16.200   0.802E-07   0.804E-07   0.809E-07   0.817E-07   0.827E-07   0.838E-07   0.851E-07   0.863E-07   0.875E-07   0.884E-07   0.891E-07
   16.300   0.835E-07   0.837E-07   0.841E-07   0.849E-07   0.858E-07   0.869E-07   0.881E-07   0.892E-07   0.902E-07   0.910E-07   0.915E-07
   16.400   0.869E-07   0.871E-07   0.875E-07   0.882E-07   0.891E-07   0.901E-07   0.912E-07   0.921E-07   0.930E-07   0.936E-07   0.939E-07
   16.500   0.905E-07   0.906E-07   0.910E-07   0.917E-07   0.925E-07   0.934E-07   0.943E-07   0.951E-07   0.958E-07   0.962E-07   0.963E-07
   16.600   0.941E-07   0.942E-07   0.946E-07   0.952E-07   0.960E-07   0.968E-07   0.975E-07   0.982E-07   0.987E-07   0.989E-07   0.987E-07
   16.700   0.979E-07   0.980E-07   0.984E-07   0.989E-07   0.995E-07   0.100E-06   0.101E-06   0.101E-06   0.102E-06   0.102E-06   0.101E-06
   16.800   0.102E-06   0.102E-06   0.102E-06   0.103E-06   0.103E-06   0.104E-06   0.104E-06   0.104E-06   0.104E-06   0.104E-06   0.104E-06
   16.900   0.106E-06   0.106E-06   0.106E-06   0.106E-06   0.107E-06   0.107E-06   0.108E-06   0.108E-06   0.107E-06   0.107E-06   0.106E-06
   17.000   0.110E-06   0.110E-06   0.110E-06   0.110E-06   0.111E-06   0.111E-06   0.111E-06   0.111E-06   0.110E-06   0.110E-06   0.108E-06
   17.100   0.114E-06   0.114E-06   0.114E-06   0.114E-06   0.115E-06   0.115E-06   0.114E-06   0.114E-06   0.113E-06   0.112E-06   0.111E-06
   17.200   0.118E-06   0.118E-06   0.118E-06   0.119E-06   0.119E-06   0.118E-06   0.118E-06   0.117E-06   0.116E-06   0.115E-06   0.113E-06
   17.300   0.123E-06   0.123E-06   0.123E-06   0.123E-06   0.122E-06   0.122E-06   0.121E-06   0.121E-06   0.119E-06   0.118E-06   0.116E-06
   17.400   0.127E-06   0.127E-06   0.127E-06   0.127E-06   0.126E-06   0.126E-06   0.125E-06   0.124E-06   0.122E-06   0.120E-06   0.118E-06
   17.500   0.132E-06   0.132E-06   0.131E-06   0.131E-06   0.130E-06   0.130E-06   0.128E-06   0.127E-06   0.125E-06   0.123E-06   0.120E-06
   17.600   0.136E-06   0.136E-06   0.136E-06   0.135E-06   0.134E-06   0.133E-06   0.132E-06   0.130E-06   0.128E-06   0.125E-06   0.122E-06
   17.700   0.141E-06   0.140E-06   0.140E-06   0.139E-06   0.138E-06   0.137E-06   0.135E-06   0.133E-06   0.130E-06   0.128E-06   0.124E-06
   17.800   0.145E-06   0.145E-06   0.144E-06   0.143E-06   0.142E-06   0.141E-06   0.139E-06   0.136E-06   0.133E-06   0.130E-06   0.126E-06
   17.900   0.149E-06   0.149E-06   0.149E-06   0.148E-06   0.146E-06   0.144E-06   0.142E-06   0.139E-06   0.136E-06   0.132E-06   0.128E-06
   18.000   0.154E-06   0.153E-06   0.153E-06   0.151E-06   0.150E-06   0.148E-06   0.145E-06   0.142E-06   0.138E-06   0.134E-06   0.130E-06
   18.100   0.158E-06   0.158E-06   0.157E-06   0.155E-06   0.153E-06   0.151E-06   0.148E-06   0.144E-06   0.140E-06   0.136E-06   0.132E-06
   18.200   0.162E-06   0.161E-06   0.160E-06   0.159E-06   0.157E-06   0.154E-06   0.151E-06   0.147E-06   0.143E-06   0.138E-06   0.133E-06
   18.300   0.166E-06   0.165E-06   0.164E-06   0.162E-06   0.160E-06   0.157E-06   0.153E-06   0.149E-06   0.145E-06   0.140E-06   0.135E-06
   18.400   0.169E-06   0.169E-06   0.168E-06   0.166E-06   0.163E-06   0.160E-06   0.156E-06   0.151E-06   0.146E-06   0.141E-06   0.136E-06
   18.500   0.172E-06   0.172E-06   0.171E-06   0.169E-06   0.166E-06   0.162E-06   0.158E-06   0.153E-06   0.148E-06   0.143E-06   0.137E-06
   18.600   0.176E-06   0.175E-06   0.174E-06   0.171E-06   0.168E-06   0.164E-06   0.160E-06   0.155E-06   0.150E-06   0.144E-06   0.138E-06
   18.700   0.178E-06   0.178E-06   0.176E-06   0.174E-06   0.171E-06   0.166E-06   0.162E-06   0.157E-06   0.151E-06   0.145E-06   0.139E-06
   18.800   0.181E-06   0.180E-06   0.179E-06   0.176E-06   0.173E-06   0.168E-06   0.163E-06   0.158E-06   0.152E-06   0.146E-06   0.140E-06
   18.900   0.183E-06   0.182E-06   0.181E-06   0.178E-06   0.174E-06   0.170E-06   0.165E-06   0.159E-06   0.153E-06   0.147E-06   0.141E-06
   19.000   0.184E-06   0.184E-06   0.182E-06   0.179E-06   0.176E-06   0.171E-06   0.166E-06   0.160E-06   0.154E-06   0.148E-06   0.142E-06
   19.100   0.186E-06   0.185E-06   0.183E-06   0.181E-06   0.177E-06   0.172E-06   0.167E-06   0.161E-06   0.155E-06   0.148E-06   0.142E-06
   19.200   0.187E-06   0.186E-06   0.184E-06   0.181E-06   0.178E-06   0.173E-06   0.167E-06   0.161E-06   0.155E-06   0.149E-06   0.142E-06
   19.300   0.187E-06   0.187E-06   0.185E-06   0.182E-06   0.178E-06   0.173E-06   0.168E-06   0.162E-06   0.155E-06   0.149E-06   0.142E-06
   19.400   0.188E-06   0.187E-06   0.185E-06   0.182E-06   0.178E-06   0.173E-06   0.168E-06   0.162E-06   0.156E-06   0.149E-06   0.143E-06
   19.500   0.188E-06   0.187E-06   0.185E-06   0.182E-06   0.178E-06   0.173E-06   0.168E-06   0.162E-06   0.156E-06   0.149E-06   0.143E-06
   19.600   0.187E-06   0.187E-06   0.185E-06   0.182E-06   0.178E-06   0.173E-06   0.168E-06   0.162E-06   0.155E-06   0.149E-06   0.142E-06
   19.700   0.187E-06   0.186E-06   0.184E-06   0.181E-06   0.177E-06   0.173E-06   0.167E-06   0.161E-06   0.155E-06   0.149E-06   0.142E-06
   19.800   0.186E-06   0.185E-06   0.183E-06   0.180E-06   0.177E-06   0.172E-06   0.167E-06   0.161E-06   0.155E-06   0.148E-06   0.142E-06
   19.900   0.184E-06   0.184E-06   0.182E-06   0.179E-06   0.176E-06   0.171E-06   0.166E-06   0.160E-06   0.154E-06   0.148E-06   0.141E-06
   20.000   0.183E-06   0.183E-06   0.181E-06   0.178E-06   0.174E-06   0.170E-06   0.165E-06   0.159E-06   0.153E-06   0.147E-06   0.141E-06
   20.100   0.182E-06   0.181E-06   0.179E-06   0.177E-06   0.173E-06   0.169E-06   0.164E-06   0.158E-06   0.152E-06   0.146E-06   0.140E-06
   20.200   0.180E-06   0.179E-06   0.178E-06   0.175E-06   0.172E-06   0.167E-06   0.163E-06   0.157E-06   0.152E-06   0.146E-06   0.139E-06
   20.300   0.178E-06   0.177E-06   0.176E-06   0.173E-06   0.170E-06   0.166E-06   0.161E-06   0.156E-06   0.151E-06   0.145E-06   0.139E-06
   20.400   0.176E-06   0.175E-06   0.174E-06   0.172E-06   0.168E-06   0.165E-06   0.160E-06   0.155E-06   0.150E-06   0.144E-06   0.138E-06
   20.500   0.174E-06   0.173E-06   0.172E-06   0.170E-06   0.167E-06   0.163E-06   0.159E-06   0.154E-06   0.148E-06   0.143E-06   0.137E-06
   20.600   0.172E-06   0.171E-06   0.170E-06   0.168E-06   0.165E-06   0.161E-06   0.157E-06   0.152E-06   0.147E-06   0.142E-06   0.136E-06
   20.700   0.170E-06   0.169E-06   0.168E-06   0.166E-06   0.163E-06   0.160E-06   0.156E-06   0.151E-06   0.146E-06   0.141E-06   0.135E-06
   20.800   0.168E-06   0.167E-06   0.166E-06   0.164E-06   0.161E-06   0.158E-06   0.154E-06   0.150E-06   0.145E-06   0.140E-06   0.134E-06
   20.900   0.165E-06   0.165E-06   0.164E-06   0.162E-06   0.159E-06   0.156E-06   0.153E-06   0.148E-06   0.144E-06   0.138E-06   0.133E-06
   21.000   0.163E-06   0.163E-06   0.162E-06   0.160E-06   0.158E-06   0.155E-06   0.151E-06   0.147E-06   0.142E-06   0.137E-06   0.132E-06
   21.100   0.161E-06   0.161E-06   0.160E-06   0.158E-06   0.156E-06   0.153E-06   0.149E-06   0.145E-06   0.141E-06   0.136E-06   0.131E-06
   21.200   0.159E-06   0.159E-06   0.158E-06   0.156E-06   0.154E-06   0.151E-06   0.148E-06   0.144E-06   0.139E-06   0.135E-06   0.130E-06
   21.300   0.157E-06   0.157E-06   0.156E-06   0.154E-06   0.152E-06   0.149E-06   0.146E-06   0.142E-06   0.138E-06   0.134E-06   0.129E-06
   21.400   0.155E-06   0.155E-06   0.154E-06   0.152E-06   0.150E-06   0.148E-06   0.144E-06   0.141E-06   0.137E-06   0.132E-06   0.128E-06
   21.500   0.153E-06   0.153E-06   0.152E-06   0.150E-06   0.148E-06   0.146E-06   0.143E-06   0.139E-06   0.135E-06   0.131E-06   0.126E-06
   21.600   0.151E-06   0.151E-06   0.150E-06   0.149E-06   0.147E-06   0.144E-06   0.141E-06   0.138E-06   0.134E-06   0.130E-06   0.125E-06
   21.700   0.149E-06   0.149E-06   0.148E-06   0.147E-06   0.145E-06   0.142E-06   0.140E-06   0.136E-06   0.132E-06   0.128E-06   0.124E-06
   21.800   0.147E-06   0.147E-06   0.146E-06   0.145E-06   0.143E-06   0.141E-06   0.138E-06   0.135E-06   0.131E-06   0.127E-06   0.123E-06
   21.900   0.145E-06   0.145E-06   0.144E-06   0.143E-06   0.141E-06   0.139E-06   0.136E-06   0.133E-06   0.129E-06   0.126E-06   0.121E-06
   22.000   0.143E-06   0.143E-06   0.142E-06   0.141E-06   0.139E-06   0.137E-06   0.135E-06   0.131E-06   0.128E-06   0.124E-06   0.120E-06
   22.100   0.142E-06   0.141E-06   0.141E-06   0.139E-06   0.138E-06   0.136E-06   0.133E-06   0.130E-06   0.126E-06   0.123E-06   0.119E-06
   22.200   0.140E-06   0.139E-06   0.139E-06   0.138E-06   0.136E-06   0.134E-06   0.131E-06   0.128E-06   0.125E-06   0.121E-06   0.117E-06
   22.300   0.138E-06   0.138E-06   0.137E-06   0.136E-06   0.134E-06   0.132E-06   0.130E-06   0.127E-06   0.123E-06   0.120E-06   0.116E-06
   22.400   0.136E-06   0.136E-06   0.135E-06   0.134E-06   0.132E-06   0.130E-06   0.128E-06   0.125E-06   0.122E-06   0.118E-06   0.115E-06
   22.500   0.134E-06   0.134E-06   0.133E-06   0.132E-06   0.130E-06   0.128E-06   0.126E-06   0.123E-06   0.120E-06   0.117E-06   0.113E-06
   22.600   0.132E-06   0.132E-06   0.131E-06   0.130E-06   0.129E-06   0.127E-06   0.124E-06   0.122E-06   0.119E-06   0.115E-06   0.112E-06
   22.700   0.130E-06   0.130E-06   0.129E-06   0.128E-06   0.127E-06   0.125E-06   0.123E-06   0.120E-06   0.117E-06   0.114E-06   0.110E-06
   22.800   0.128E-06   0.128E-06   0.127E-06   0.126E-06   0.125E-06   0.123E-06   0.121E-06   0.118E-06   0.115E-06   0.112E-06   0.109E-06
   22.900   0.126E-06   0.126E-06   0.125E-06   0.124E-06   0.123E-06   0.121E-06   0.119E-06   0.116E-06   0.114E-06   0.111E-06   0.107E-06
   23.000   0.124E-06   0.124E-06   0.123E-06   0.122E-06   0.121E-06   0.119E-06   0.117E-06   0.115E-06   0.112E-06   0.109E-06   0.106E-06
   23.100   0.122E-06   0.122E-06   0.121E-06   0.120E-06   0.119E-06   0.117E-06   0.115E-06   0.113E-06   0.110E-06   0.107E-06   0.104E-06
   23.200   0.120E-06   0.120E-06   0.119E-06   0.118E-06   0.117E-06   0.115E-06   0.113E-06   0.111E-06   0.109E-06   0.106E-06   0.103E-06
   23.300   0.118E-06   0.118E-06   0.117E-06   0.116E-06   0.115E-06   0.113E-06   0.112E-06   0.109E-06   0.107E-06   0.104E-06   0.101E-06
   23.400   0.116E-06   0.116E-06   0.115E-06   0.114E-06   0.113E-06   0.111E-06   0.110E-06   0.107E-06   0.105E-06   0.102E-06   0.996E-07
   23.500   0.114E-06   0.113E-06   0.113E-06   0.112E-06   0.111E-06   0.109E-06   0.108E-06   0.106E-06   0.103E-06   0.101E-06   0.981E-07
   23.600   0.111E-06   0.111E-06   0.111E-06   0.110E-06   0.109E-06   0.107E-06   0.106E-06   0.104E-06   0.102E-06   0.992E-07   0.965E-07
   23.700   0.109E-06   0.109E-06   0.109E-06   0.108E-06   0.107E-06   0.105E-06   0.104E-06   0.102E-06   0.998E-07   0.975E-07   0.950E-07
   23.800   0.107E-06   0.107E-06   0.106E-06   0.106E-06   0.105E-06   0.103E-06   0.102E-06   0.100E-06   0.981E-07   0.958E-07   0.934E-07
   23.900   0.105E-06   0.105E-06   0.104E-06   0.104E-06   0.103E-06   0.101E-06   0.999E-07   0.982E-07   0.963E-07   0.942E-07   0.918E-07
   24.000   0.103E-06   0.102E-06   0.102E-06   0.101E-06   0.101E-06   0.994E-07   0.980E-07   0.964E-07   0.946E-07   0.925E-07   0.903E-07
   24.100   0.100E-06   0.100E-06   0.999E-07   0.993E-07   0.985E-07   0.974E-07   0.961E-07   0.946E-07   0.928E-07   0.909E-07   0.887E-07
   24.200   0.982E-07   0.981E-07   0.978E-07   0.972E-07   0.964E-07   0.954E-07   0.942E-07   0.927E-07   0.911E-07   0.892E-07   0.872E-07
   24.300   0.961E-07   0.960E-07   0.957E-07   0.951E-07   0.944E-07   0.934E-07   0.923E-07   0.909E-07   0.893E-07   0.876E-07   0.856E-07
   24.400   0.939E-07   0.938E-07   0.935E-07   0.931E-07   0.924E-07   0.915E-07   0.904E-07   0.891E-07   0.876E-07   0.860E-07   0.841E-07
   24.500   0.918E-07   0.917E-07   0.915E-07   0.910E-07   0.904E-07   0.895E-07   0.885E-07   0.873E-07   0.859E-07   0.843E-07   0.826E-07
   24.600   0.897E-07   0.896E-07   0.894E-07   0.890E-07   0.884E-07   0.876E-07   0.867E-07   0.855E-07   0.842E-07   0.828E-07   0.811E-07
   24.700   0.877E-07   0.876E-07   0.874E-07   0.870E-07   0.864E-07   0.857E-07   0.848E-07   0.838E-07   0.826E-07   0.812E-07   0.796E-07
   24.800   0.856E-07   0.856E-07   0.853E-07   0.850E-07   0.845E-07   0.838E-07   0.830E-07   0.821E-07   0.809E-07   0.796E-07   0.782E-07
   24.900   0.836E-07   0.836E-07   0.834E-07   0.831E-07   0.826E-07   0.820E-07   0.813E-07   0.804E-07   0.793E-07   0.781E-07   0.767E-07
   25.000   0.817E-07   0.816E-07   0.814E-07   0.812E-07   0.807E-07   0.802E-07   0.795E-07   0.787E-07   0.777E-07   0.766E-07   0.753E-07
   25.100   0.797E-07   0.797E-07   0.795E-07   0.793E-07   0.789E-07   0.784E-07   0.778E-07   0.770E-07   0.761E-07   0.751E-07   0.739E-07
   25.200   0.779E-07   0.778E-07   0.777E-07   0.775E-07   0.771E-07   0.767E-07   0.761E-07   0.754E-07   0.746E-07   0.736E-07   0.725E-07
   25.300   0.760E-07   0.760E-07   0.759E-07   0.757E-07   0.754E-07   0.750E-07   0.745E-07   0.738E-07   0.731E-07   0.721E-07   0.711E-07
   25.400   0.742E-07   0.742E-07   0.741E-07   0.739E-07   0.736E-07   0.733E-07   0.728E-07   0.723E-07   0.716E-07   0.707E-07   0.697E-07
   25.500   0.725E-07   0.724E-07   0.724E-07   0.722E-07   0.720E-07   0.717E-07   0.713E-07   0.707E-07   0.701E-07   0.693E-07   0.684E-07
   25.600   0.708E-07   0.707E-07   0.707E-07   0.705E-07   0.703E-07   0.701E-07   0.697E-07   0.692E-07   0.687E-07   0.680E-07   0.671E-07
   25.700   0.691E-07   0.691E-07   0.690E-07   0.689E-07   0.687E-07   0.685E-07   0.682E-07   0.678E-07   0.673E-07   0.666E-07   0.658E-07
   25.800   0.675E-07   0.674E-07   0.674E-07   0.673E-07   0.672E-07   0.670E-07   0.667E-07   0.663E-07   0.659E-07   0.653E-07   0.646E-07
   25.900   0.659E-07   0.659E-07   0.658E-07   0.658E-07   0.657E-07   0.655E-07   0.653E-07   0.649E-07   0.645E-07   0.640E-07   0.634E-07
   26.000   0.643E-07   0.643E-07   0.643E-07   0.643E-07   0.642E-07   0.640E-07   0.638E-07   0.636E-07   0.632E-07   0.627E-07   0.621E-07
   26.100   0.628E-07   0.628E-07   0.628E-07   0.628E-07   0.627E-07   0.626E-07   0.625E-07   0.622E-07   0.619E-07   0.615E-07   0.610E-07
   26.200   0.614E-07   0.614E-07   0.614E-07   0.614E-07   0.613E-07   0.613E-07   0.611E-07   0.609E-07   0.607E-07   0.603E-07   0.598E-07
   26.300   0.600E-07   0.600E-07   0.600E-07   0.600E-07   0.600E-07   0.599E-07   0.598E-07   0.597E-07   0.594E-07   0.591E-07   0.587E-07
   26.400   0.586E-07   0.586E-07   0.586E-07   0.586E-07   0.586E-07   0.586E-07   0.585E-07   0.584E-07   0.582E-07   0.579E-07   0.576E-07
   26.500   0.573E-07   0.573E-07   0.573E-07   0.573E-07   0.573E-07   0.573E-07   0.573E-07   0.572E-07   0.571E-07   0.568E-07   0.565E-07
   26.600   0.560E-07   0.560E-07   0.560E-07   0.561E-07   0.561E-07   0.561E-07   0.561E-07   0.560E-07   0.559E-07   0.557E-07   0.554E-07
   26.700   0.547E-07   0.547E-07   0.548E-07   0.548E-07   0.549E-07   0.549E-07   0.549E-07   0.549E-07   0.548E-07   0.546E-07   0.544E-07
   26.800   0.535E-07   0.535E-07   0.536E-07   0.536E-07   0.537E-07   0.537E-07   0.538E-07   0.538E-07   0.537E-07   0.536E-07   0.534E-07
   26.900   0.523E-07   0.523E-07   0.524E-07   0.525E-07   0.525E-07   0.526E-07   0.527E-07   0.527E-07   0.527E-07   0.526E-07   0.524E-07
   27.000   0.512E-07   0.512E-07   0.512E-07   0.513E-07   0.514E-07   0.515E-07   0.516E-07   0.516E-07   0.516E-07   0.516E-07   0.514E-07
   27.100   0.501E-07   0.501E-07   0.501E-07   0.502E-07   0.503E-07   0.504E-07   0.505E-07   0.506E-07   0.506E-07   0.506E-07   0.505E-07
   27.200   0.490E-07   0.490E-07   0.491E-07   0.492E-07   0.493E-07   0.494E-07   0.495E-07   0.496E-07   0.496E-07   0.496E-07   0.495E-07
   27.300   0.479E-07   0.480E-07   0.480E-07   0.481E-07   0.482E-07   0.484E-07   0.485E-07   0.486E-07   0.487E-07   0.487E-07   0.486E-07
   27.400   0.469E-07   0.470E-07   0.470E-07   0.471E-07   0.472E-07   0.474E-07   0.475E-07   0.477E-07   0.477E-07   0.478E-07   0.477E-07
   27.500   0.459E-07   0.460E-07   0.460E-07   0.461E-07   0.463E-07   0.464E-07   0.466E-07   0.467E-07   0.468E-07   0.469E-07   0.469E-07
   27.600   0.450E-07   0.450E-07   0.451E-07   0.452E-07   0.453E-07   0.455E-07   0.457E-07   0.458E-07   0.459E-07   0.460E-07   0.460E-07
   27.700   0.441E-07   0.441E-07   0.442E-07   0.443E-07   0.444E-07   0.446E-07   0.448E-07   0.449E-07   0.451E-07   0.452E-07   0.452E-07
   27.800   0.432E-07   0.432E-07   0.433E-07   0.434E-07   0.435E-07   0.437E-07   0.439E-07   0.441E-07   0.442E-07   0.444E-07   0.444E-07
   27.900   0.423E-07   0.423E-07   0.424E-07   0.425E-07   0.427E-07   0.429E-07   0.431E-07   0.432E-07   0.434E-07   0.436E-07   0.436E-07
   28.000   0.414E-07   0.415E-07   0.415E-07   0.417E-07   0.418E-07   0.420E-07   0.422E-07   0.424E-07   0.426E-07   0.428E-07   0.429E-07
   28.100   0.406E-07   0.406E-07   0.407E-07   0.408E-07   0.410E-07   0.412E-07   0.414E-07   0.416E-07   0.418E-07   0.420E-07   0.421E-07
   28.200   0.398E-07   0.398E-07   0.399E-07   0.401E-07   0.402E-07   0.404E-07   0.406E-07   0.409E-07   0.411E-07   0.413E-07   0.414E-07
   28.300   0.390E-07   0.391E-07   0.391E-07   0.393E-07   0.395E-07   0.397E-07   0.399E-07   0.401E-07   0.403E-07   0.405E-07   0.407E-07
   28.400   0.383E-07   0.383E-07   0.384E-07   0.385E-07   0.387E-07   0.389E-07   0.392E-07   0.394E-07   0.396E-07   0.398E-07   0.400E-07
   28.500   0.375E-07   0.376E-07   0.377E-07   0.378E-07   0.380E-07   0.382E-07   0.384E-07   0.387E-07   0.389E-07   0.391E-07   0.393E-07
   28.600   0.368E-07   0.369E-07   0.369E-07   0.371E-07   0.373E-07   0.375E-07   0.377E-07   0.380E-07   0.382E-07   0.385E-07   0.386E-07
   28.700   0.361E-07   0.362E-07   0.363E-07   0.364E-07   0.366E-07   0.368E-07   0.371E-07   0.373E-07   0.376E-07   0.378E-07   0.380E-07
   28.800   0.355E-07   0.355E-07   0.356E-07   0.357E-07   0.359E-07   0.361E-07   0.364E-07   0.367E-07   0.369E-07   0.372E-07   0.374E-07
   28.900   0.348E-07   0.348E-07   0.349E-07   0.351E-07   0.353E-07   0.355E-07   0.357E-07   0.360E-07   0.363E-07   0.365E-07   0.368E-07
   29.000   0.342E-07   0.342E-07   0.343E-07   0.344E-07   0.346E-07   0.349E-07   0.351E-07   0.354E-07   0.357E-07   0.359E-07   0.362E-07
   29.100   0.336E-07   0.336E-07   0.337E-07   0.338E-07   0.340E-07   0.342E-07   0.345E-07   0.348E-07   0.351E-07   0.353E-07   0.356E-07
   29.200   0.330E-07   0.330E-07   0.331E-07   0.332E-07   0.334E-07   0.336E-07   0.339E-07   0.342E-07   0.345E-07   0.347E-07   0.350E-07
   29.300   0.324E-07   0.324E-07   0.325E-07   0.326E-07   0.328E-07   0.331E-07   0.333E-07   0.336E-07   0.339E-07   0.342E-07   0.344E-07
   29.400   0.318E-07   0.318E-07   0.319E-07   0.321E-07   0.323E-07   0.325E-07   0.328E-07   0.330E-07   0.333E-07   0.336E-07   0.339E-07
   29.500   0.312E-07   0.313E-07   0.314E-07   0.315E-07   0.317E-07   0.319E-07   0.322E-07   0.325E-07   0.328E-07   0.331E-07   0.333E-07
   29.600   0.307E-07   0.307E-07   0.308E-07   0.310E-07   0.312E-07   0.314E-07   0.317E-07   0.320E-07   0.323E-07   0.325E-07   0.328E-07
   29.700   0.302E-07   0.302E-07   0.303E-07   0.304E-07   0.306E-07   0.309E-07   0.311E-07   0.314E-07   0.317E-07   0.320E-07   0.323E-07
   29.800   0.297E-07   0.297E-07   0.298E-07   0.299E-07   0.301E-07   0.304E-07   0.306E-07   0.309E-07   0.312E-07   0.315E-07   0.318E-07
   29.900   0.292E-07   0.292E-07   0.293E-07   0.294E-07   0.296E-07   0.299E-07   0.301E-07   0.304E-07   0.307E-07   0.310E-07   0.313E-07
   30.000   0.287E-07   0.287E-07   0.288E-07   0.289E-07   0.291E-07   0.294E-07   0.296E-07   0.299E-07   0.302E-07   0.305E-07   0.308E-07
