# fe1_the_029_071_photoabs_h_SMLO.dat                    
#
# Z = 29, A = 71
#
# Parameters:  Er1 = 16.764,  Wr1 =  5.311,  S1 =   0.400,  Er2 = 17.708,  Wr2 =  5.579,  S2 =   0.800,  beta=  0.064
# No. of entries:  300
# Col 1: photon energy E in MeV
# Col 2-11: E1 photoabsorption PSF (fe1 in MeV^-3) for nucleus at the temperatures T=0-2 MeV
# Format: f9.3, 11e12.3
# Authors:  V.A.Plujko, O.M. Gorbachenko, K.M. Solodovnyk (TSNU)
#   E         T=0.0       T=0.2       T=0.4       T=0.6       T=0.8       T=1.0       T=1.2       T=1.4       T=1.6       T=1.8       T=2.0
    0.100   0.237E-11   0.115E-10   0.498E-10   0.142E-09   0.314E-09   0.592E-09   0.100E-08   0.157E-08   0.232E-08   0.328E-08   0.448E-08
    0.200   0.948E-11   0.218E-10   0.680E-10   0.171E-09   0.355E-09   0.648E-09   0.107E-08   0.166E-08   0.243E-08   0.342E-08   0.464E-08
    0.300   0.213E-10   0.358E-10   0.896E-10   0.202E-09   0.400E-09   0.707E-09   0.115E-08   0.176E-08   0.255E-08   0.356E-08   0.481E-08
    0.400   0.379E-10   0.539E-10   0.115E-09   0.238E-09   0.448E-09   0.771E-09   0.123E-08   0.186E-08   0.267E-08   0.370E-08   0.498E-08
    0.500   0.593E-10   0.764E-10   0.144E-09   0.277E-09   0.500E-09   0.838E-09   0.132E-08   0.196E-08   0.280E-08   0.386E-08   0.516E-08
    0.600   0.855E-10   0.104E-09   0.177E-09   0.320E-09   0.556E-09   0.909E-09   0.141E-08   0.207E-08   0.293E-08   0.401E-08   0.534E-08
    0.700   0.116E-09   0.136E-09   0.214E-09   0.367E-09   0.616E-09   0.984E-09   0.150E-08   0.218E-08   0.307E-08   0.417E-08   0.553E-08
    0.800   0.152E-09   0.173E-09   0.256E-09   0.419E-09   0.680E-09   0.106E-08   0.160E-08   0.230E-08   0.321E-08   0.434E-08   0.572E-08
    0.900   0.193E-09   0.215E-09   0.303E-09   0.475E-09   0.748E-09   0.115E-08   0.170E-08   0.243E-08   0.335E-08   0.451E-08   0.592E-08
    1.000   0.239E-09   0.262E-09   0.355E-09   0.535E-09   0.822E-09   0.124E-08   0.181E-08   0.255E-08   0.351E-08   0.469E-08   0.613E-08
    1.100   0.289E-09   0.314E-09   0.411E-09   0.600E-09   0.899E-09   0.133E-08   0.192E-08   0.269E-08   0.366E-08   0.487E-08   0.634E-08
    1.200   0.344E-09   0.372E-09   0.473E-09   0.671E-09   0.982E-09   0.143E-08   0.203E-08   0.282E-08   0.383E-08   0.506E-08   0.656E-08
    1.300   0.405E-09   0.434E-09   0.539E-09   0.746E-09   0.107E-08   0.153E-08   0.216E-08   0.297E-08   0.399E-08   0.526E-08   0.678E-08
    1.400   0.470E-09   0.502E-09   0.611E-09   0.826E-09   0.116E-08   0.164E-08   0.228E-08   0.312E-08   0.417E-08   0.546E-08   0.702E-08
    1.500   0.541E-09   0.574E-09   0.689E-09   0.912E-09   0.126E-08   0.175E-08   0.242E-08   0.327E-08   0.435E-08   0.567E-08   0.725E-08
    1.600   0.617E-09   0.652E-09   0.772E-09   0.100E-08   0.136E-08   0.187E-08   0.256E-08   0.343E-08   0.453E-08   0.588E-08   0.750E-08
    1.700   0.698E-09   0.736E-09   0.860E-09   0.110E-08   0.147E-08   0.200E-08   0.270E-08   0.360E-08   0.473E-08   0.610E-08   0.775E-08
    1.800   0.784E-09   0.824E-09   0.954E-09   0.120E-08   0.159E-08   0.213E-08   0.285E-08   0.377E-08   0.492E-08   0.633E-08   0.801E-08
    1.900   0.876E-09   0.918E-09   0.105E-08   0.131E-08   0.171E-08   0.227E-08   0.301E-08   0.395E-08   0.513E-08   0.656E-08   0.828E-08
    2.000   0.973E-09   0.102E-08   0.116E-08   0.142E-08   0.183E-08   0.241E-08   0.317E-08   0.414E-08   0.534E-08   0.680E-08   0.855E-08
    2.100   0.108E-08   0.112E-08   0.127E-08   0.154E-08   0.197E-08   0.256E-08   0.334E-08   0.433E-08   0.556E-08   0.705E-08   0.883E-08
    2.200   0.118E-08   0.123E-08   0.139E-08   0.167E-08   0.210E-08   0.271E-08   0.351E-08   0.453E-08   0.579E-08   0.731E-08   0.912E-08
    2.300   0.130E-08   0.135E-08   0.151E-08   0.180E-08   0.225E-08   0.287E-08   0.369E-08   0.473E-08   0.602E-08   0.757E-08   0.942E-08
    2.400   0.142E-08   0.147E-08   0.164E-08   0.194E-08   0.240E-08   0.304E-08   0.388E-08   0.495E-08   0.626E-08   0.785E-08   0.973E-08
    2.500   0.154E-08   0.160E-08   0.177E-08   0.208E-08   0.256E-08   0.322E-08   0.408E-08   0.517E-08   0.651E-08   0.813E-08   0.100E-07
    2.600   0.168E-08   0.173E-08   0.191E-08   0.223E-08   0.272E-08   0.340E-08   0.428E-08   0.540E-08   0.677E-08   0.841E-08   0.104E-07
    2.700   0.181E-08   0.188E-08   0.206E-08   0.239E-08   0.289E-08   0.359E-08   0.449E-08   0.563E-08   0.703E-08   0.871E-08   0.107E-07
    2.800   0.196E-08   0.202E-08   0.222E-08   0.256E-08   0.307E-08   0.378E-08   0.471E-08   0.587E-08   0.730E-08   0.902E-08   0.110E-07
    2.900   0.211E-08   0.218E-08   0.238E-08   0.273E-08   0.326E-08   0.398E-08   0.493E-08   0.613E-08   0.758E-08   0.933E-08   0.114E-07
    3.000   0.227E-08   0.233E-08   0.254E-08   0.290E-08   0.345E-08   0.419E-08   0.517E-08   0.638E-08   0.787E-08   0.966E-08   0.118E-07
    3.100   0.243E-08   0.250E-08   0.272E-08   0.309E-08   0.365E-08   0.441E-08   0.541E-08   0.665E-08   0.817E-08   0.999E-08   0.121E-07
    3.200   0.260E-08   0.267E-08   0.290E-08   0.328E-08   0.385E-08   0.464E-08   0.566E-08   0.693E-08   0.848E-08   0.103E-07   0.125E-07
    3.300   0.278E-08   0.285E-08   0.309E-08   0.348E-08   0.407E-08   0.487E-08   0.591E-08   0.721E-08   0.880E-08   0.107E-07   0.129E-07
    3.400   0.296E-08   0.304E-08   0.328E-08   0.369E-08   0.429E-08   0.512E-08   0.618E-08   0.751E-08   0.912E-08   0.111E-07   0.133E-07
    3.500   0.315E-08   0.324E-08   0.348E-08   0.390E-08   0.452E-08   0.537E-08   0.646E-08   0.781E-08   0.946E-08   0.114E-07   0.137E-07
    3.600   0.335E-08   0.344E-08   0.369E-08   0.413E-08   0.476E-08   0.563E-08   0.674E-08   0.813E-08   0.981E-08   0.118E-07   0.142E-07
    3.700   0.356E-08   0.365E-08   0.391E-08   0.436E-08   0.501E-08   0.590E-08   0.703E-08   0.845E-08   0.102E-07   0.122E-07   0.146E-07
    3.800   0.377E-08   0.387E-08   0.414E-08   0.460E-08   0.527E-08   0.617E-08   0.734E-08   0.878E-08   0.105E-07   0.126E-07   0.150E-07
    3.900   0.400E-08   0.409E-08   0.437E-08   0.484E-08   0.553E-08   0.646E-08   0.765E-08   0.913E-08   0.109E-07   0.130E-07   0.155E-07
    4.000   0.423E-08   0.432E-08   0.461E-08   0.510E-08   0.581E-08   0.676E-08   0.798E-08   0.948E-08   0.113E-07   0.135E-07   0.160E-07
    4.100   0.447E-08   0.457E-08   0.486E-08   0.537E-08   0.609E-08   0.706E-08   0.831E-08   0.985E-08   0.117E-07   0.139E-07   0.165E-07
    4.200   0.472E-08   0.482E-08   0.512E-08   0.564E-08   0.638E-08   0.738E-08   0.865E-08   0.102E-07   0.121E-07   0.144E-07   0.170E-07
    4.300   0.497E-08   0.508E-08   0.539E-08   0.592E-08   0.669E-08   0.771E-08   0.901E-08   0.106E-07   0.125E-07   0.148E-07   0.175E-07
    4.400   0.524E-08   0.535E-08   0.567E-08   0.622E-08   0.700E-08   0.805E-08   0.938E-08   0.110E-07   0.130E-07   0.153E-07   0.180E-07
    4.500   0.551E-08   0.563E-08   0.596E-08   0.652E-08   0.732E-08   0.839E-08   0.975E-08   0.114E-07   0.134E-07   0.158E-07   0.186E-07
    4.600   0.580E-08   0.591E-08   0.626E-08   0.684E-08   0.766E-08   0.875E-08   0.101E-07   0.119E-07   0.139E-07   0.163E-07   0.191E-07
    4.700   0.609E-08   0.621E-08   0.657E-08   0.716E-08   0.800E-08   0.913E-08   0.105E-07   0.123E-07   0.144E-07   0.168E-07   0.197E-07
    4.800   0.640E-08   0.652E-08   0.689E-08   0.749E-08   0.836E-08   0.951E-08   0.110E-07   0.127E-07   0.149E-07   0.174E-07   0.203E-07
    4.900   0.672E-08   0.684E-08   0.721E-08   0.784E-08   0.873E-08   0.990E-08   0.114E-07   0.132E-07   0.154E-07   0.179E-07   0.209E-07
    5.000   0.704E-08   0.717E-08   0.756E-08   0.820E-08   0.911E-08   0.103E-07   0.118E-07   0.137E-07   0.159E-07   0.185E-07   0.215E-07
    5.100   0.738E-08   0.751E-08   0.791E-08   0.857E-08   0.950E-08   0.107E-07   0.123E-07   0.142E-07   0.165E-07   0.191E-07   0.222E-07
    5.200   0.773E-08   0.787E-08   0.827E-08   0.895E-08   0.991E-08   0.112E-07   0.128E-07   0.147E-07   0.170E-07   0.197E-07   0.228E-07
    5.300   0.809E-08   0.823E-08   0.865E-08   0.934E-08   0.103E-07   0.116E-07   0.132E-07   0.152E-07   0.176E-07   0.203E-07   0.235E-07
    5.400   0.847E-08   0.861E-08   0.904E-08   0.975E-08   0.108E-07   0.121E-07   0.137E-07   0.158E-07   0.182E-07   0.210E-07   0.242E-07
    5.500   0.885E-08   0.900E-08   0.944E-08   0.102E-07   0.112E-07   0.126E-07   0.143E-07   0.163E-07   0.188E-07   0.216E-07   0.249E-07
    5.600   0.925E-08   0.940E-08   0.985E-08   0.106E-07   0.117E-07   0.130E-07   0.148E-07   0.169E-07   0.194E-07   0.223E-07   0.257E-07
    5.700   0.967E-08   0.982E-08   0.103E-07   0.111E-07   0.121E-07   0.136E-07   0.153E-07   0.175E-07   0.200E-07   0.230E-07   0.264E-07
    5.800   0.101E-07   0.103E-07   0.107E-07   0.115E-07   0.126E-07   0.141E-07   0.159E-07   0.181E-07   0.207E-07   0.237E-07   0.272E-07
    5.900   0.105E-07   0.107E-07   0.112E-07   0.120E-07   0.131E-07   0.146E-07   0.165E-07   0.187E-07   0.214E-07   0.245E-07   0.280E-07
    6.000   0.110E-07   0.112E-07   0.117E-07   0.125E-07   0.137E-07   0.152E-07   0.171E-07   0.194E-07   0.221E-07   0.252E-07   0.289E-07
    6.100   0.115E-07   0.116E-07   0.121E-07   0.130E-07   0.142E-07   0.158E-07   0.177E-07   0.200E-07   0.228E-07   0.260E-07   0.297E-07
    6.200   0.120E-07   0.121E-07   0.127E-07   0.135E-07   0.148E-07   0.164E-07   0.183E-07   0.207E-07   0.236E-07   0.268E-07   0.306E-07
    6.300   0.125E-07   0.126E-07   0.132E-07   0.141E-07   0.153E-07   0.170E-07   0.190E-07   0.214E-07   0.243E-07   0.277E-07   0.315E-07
    6.400   0.130E-07   0.132E-07   0.137E-07   0.146E-07   0.159E-07   0.176E-07   0.197E-07   0.222E-07   0.251E-07   0.285E-07   0.324E-07
    6.500   0.135E-07   0.137E-07   0.143E-07   0.152E-07   0.165E-07   0.183E-07   0.204E-07   0.229E-07   0.259E-07   0.294E-07   0.334E-07
    6.600   0.141E-07   0.143E-07   0.149E-07   0.158E-07   0.172E-07   0.189E-07   0.211E-07   0.237E-07   0.268E-07   0.303E-07   0.344E-07
    6.700   0.147E-07   0.149E-07   0.155E-07   0.164E-07   0.178E-07   0.196E-07   0.218E-07   0.245E-07   0.276E-07   0.313E-07   0.354E-07
    6.800   0.153E-07   0.155E-07   0.161E-07   0.171E-07   0.185E-07   0.203E-07   0.226E-07   0.253E-07   0.285E-07   0.322E-07   0.364E-07
    6.900   0.159E-07   0.161E-07   0.167E-07   0.178E-07   0.192E-07   0.211E-07   0.234E-07   0.262E-07   0.295E-07   0.332E-07   0.375E-07
    7.000   0.165E-07   0.167E-07   0.174E-07   0.184E-07   0.199E-07   0.219E-07   0.242E-07   0.271E-07   0.304E-07   0.342E-07   0.386E-07
    7.100   0.172E-07   0.174E-07   0.181E-07   0.192E-07   0.207E-07   0.227E-07   0.251E-07   0.280E-07   0.314E-07   0.353E-07   0.397E-07
    7.200   0.179E-07   0.181E-07   0.188E-07   0.199E-07   0.215E-07   0.235E-07   0.260E-07   0.289E-07   0.324E-07   0.364E-07   0.409E-07
    7.300   0.186E-07   0.188E-07   0.195E-07   0.207E-07   0.223E-07   0.243E-07   0.269E-07   0.299E-07   0.334E-07   0.375E-07   0.421E-07
    7.400   0.193E-07   0.196E-07   0.203E-07   0.214E-07   0.231E-07   0.252E-07   0.278E-07   0.309E-07   0.345E-07   0.387E-07   0.434E-07
    7.500   0.201E-07   0.203E-07   0.210E-07   0.223E-07   0.239E-07   0.261E-07   0.288E-07   0.319E-07   0.356E-07   0.399E-07   0.446E-07
    7.600   0.209E-07   0.211E-07   0.219E-07   0.231E-07   0.248E-07   0.270E-07   0.298E-07   0.330E-07   0.368E-07   0.411E-07   0.460E-07
    7.700   0.217E-07   0.219E-07   0.227E-07   0.240E-07   0.257E-07   0.280E-07   0.308E-07   0.341E-07   0.380E-07   0.424E-07   0.473E-07
    7.800   0.225E-07   0.228E-07   0.236E-07   0.249E-07   0.267E-07   0.290E-07   0.319E-07   0.352E-07   0.392E-07   0.437E-07   0.487E-07
    7.900   0.234E-07   0.237E-07   0.245E-07   0.258E-07   0.277E-07   0.301E-07   0.330E-07   0.364E-07   0.404E-07   0.450E-07   0.502E-07
    8.000   0.243E-07   0.246E-07   0.254E-07   0.268E-07   0.287E-07   0.311E-07   0.341E-07   0.376E-07   0.417E-07   0.464E-07   0.517E-07
    8.100   0.253E-07   0.256E-07   0.264E-07   0.278E-07   0.297E-07   0.322E-07   0.353E-07   0.389E-07   0.431E-07   0.479E-07   0.532E-07
    8.200   0.263E-07   0.265E-07   0.274E-07   0.288E-07   0.308E-07   0.334E-07   0.365E-07   0.402E-07   0.445E-07   0.493E-07   0.548E-07
    8.300   0.273E-07   0.276E-07   0.284E-07   0.299E-07   0.320E-07   0.346E-07   0.378E-07   0.416E-07   0.459E-07   0.509E-07   0.564E-07
    8.400   0.283E-07   0.286E-07   0.295E-07   0.310E-07   0.331E-07   0.358E-07   0.391E-07   0.429E-07   0.474E-07   0.525E-07   0.581E-07
    8.500   0.294E-07   0.297E-07   0.307E-07   0.322E-07   0.343E-07   0.371E-07   0.404E-07   0.444E-07   0.489E-07   0.541E-07   0.599E-07
    8.600   0.306E-07   0.309E-07   0.318E-07   0.334E-07   0.356E-07   0.384E-07   0.418E-07   0.459E-07   0.505E-07   0.558E-07   0.617E-07
    8.700   0.317E-07   0.321E-07   0.330E-07   0.346E-07   0.369E-07   0.398E-07   0.433E-07   0.474E-07   0.522E-07   0.576E-07   0.635E-07
    8.800   0.330E-07   0.333E-07   0.343E-07   0.359E-07   0.383E-07   0.412E-07   0.448E-07   0.490E-07   0.539E-07   0.594E-07   0.654E-07
    8.900   0.342E-07   0.346E-07   0.356E-07   0.373E-07   0.397E-07   0.427E-07   0.464E-07   0.507E-07   0.556E-07   0.612E-07   0.674E-07
    9.000   0.355E-07   0.359E-07   0.369E-07   0.387E-07   0.411E-07   0.442E-07   0.480E-07   0.524E-07   0.575E-07   0.632E-07   0.695E-07
    9.100   0.369E-07   0.373E-07   0.384E-07   0.401E-07   0.426E-07   0.458E-07   0.497E-07   0.542E-07   0.593E-07   0.652E-07   0.716E-07
    9.200   0.383E-07   0.387E-07   0.398E-07   0.417E-07   0.442E-07   0.475E-07   0.514E-07   0.560E-07   0.613E-07   0.672E-07   0.738E-07
    9.300   0.398E-07   0.402E-07   0.413E-07   0.432E-07   0.458E-07   0.492E-07   0.532E-07   0.579E-07   0.633E-07   0.694E-07   0.760E-07
    9.400   0.414E-07   0.418E-07   0.429E-07   0.448E-07   0.475E-07   0.509E-07   0.551E-07   0.599E-07   0.654E-07   0.716E-07   0.783E-07
    9.500   0.430E-07   0.434E-07   0.446E-07   0.465E-07   0.493E-07   0.528E-07   0.570E-07   0.619E-07   0.676E-07   0.739E-07   0.807E-07
    9.600   0.447E-07   0.451E-07   0.463E-07   0.483E-07   0.511E-07   0.547E-07   0.590E-07   0.641E-07   0.698E-07   0.762E-07   0.832E-07
    9.700   0.464E-07   0.468E-07   0.481E-07   0.501E-07   0.530E-07   0.567E-07   0.611E-07   0.663E-07   0.721E-07   0.787E-07   0.858E-07
    9.800   0.482E-07   0.486E-07   0.499E-07   0.521E-07   0.550E-07   0.588E-07   0.633E-07   0.686E-07   0.746E-07   0.812E-07   0.885E-07
    9.900   0.501E-07   0.505E-07   0.519E-07   0.540E-07   0.571E-07   0.609E-07   0.656E-07   0.709E-07   0.771E-07   0.838E-07   0.912E-07
   10.000   0.521E-07   0.525E-07   0.539E-07   0.561E-07   0.592E-07   0.632E-07   0.679E-07   0.734E-07   0.796E-07   0.865E-07   0.940E-07
   10.100   0.541E-07   0.546E-07   0.560E-07   0.583E-07   0.614E-07   0.655E-07   0.703E-07   0.760E-07   0.823E-07   0.894E-07   0.970E-07
   10.200   0.563E-07   0.567E-07   0.582E-07   0.605E-07   0.638E-07   0.679E-07   0.729E-07   0.786E-07   0.851E-07   0.923E-07   0.100E-06
   10.300   0.585E-07   0.590E-07   0.604E-07   0.629E-07   0.662E-07   0.704E-07   0.755E-07   0.814E-07   0.880E-07   0.953E-07   0.103E-06
   10.400   0.608E-07   0.613E-07   0.628E-07   0.653E-07   0.687E-07   0.731E-07   0.783E-07   0.843E-07   0.910E-07   0.984E-07   0.106E-06
   10.500   0.633E-07   0.638E-07   0.653E-07   0.678E-07   0.714E-07   0.758E-07   0.811E-07   0.872E-07   0.941E-07   0.102E-06   0.110E-06
   10.600   0.658E-07   0.663E-07   0.679E-07   0.705E-07   0.741E-07   0.786E-07   0.841E-07   0.903E-07   0.974E-07   0.105E-06   0.113E-06
   10.700   0.685E-07   0.690E-07   0.706E-07   0.733E-07   0.770E-07   0.816E-07   0.872E-07   0.936E-07   0.101E-06   0.108E-06   0.117E-06
   10.800   0.712E-07   0.718E-07   0.734E-07   0.762E-07   0.800E-07   0.847E-07   0.904E-07   0.969E-07   0.104E-06   0.112E-06   0.120E-06
   10.900   0.741E-07   0.747E-07   0.764E-07   0.792E-07   0.831E-07   0.879E-07   0.938E-07   0.100E-06   0.108E-06   0.116E-06   0.124E-06
   11.000   0.772E-07   0.778E-07   0.795E-07   0.824E-07   0.863E-07   0.913E-07   0.972E-07   0.104E-06   0.112E-06   0.120E-06   0.128E-06
   11.100   0.804E-07   0.810E-07   0.827E-07   0.857E-07   0.897E-07   0.948E-07   0.101E-06   0.108E-06   0.115E-06   0.124E-06   0.132E-06
   11.200   0.837E-07   0.843E-07   0.861E-07   0.891E-07   0.933E-07   0.985E-07   0.105E-06   0.112E-06   0.120E-06   0.128E-06   0.137E-06
   11.300   0.872E-07   0.878E-07   0.897E-07   0.927E-07   0.970E-07   0.102E-06   0.109E-06   0.116E-06   0.124E-06   0.132E-06   0.141E-06
   11.400   0.908E-07   0.914E-07   0.934E-07   0.965E-07   0.101E-06   0.106E-06   0.113E-06   0.120E-06   0.128E-06   0.137E-06   0.146E-06
   11.500   0.946E-07   0.953E-07   0.972E-07   0.100E-06   0.105E-06   0.110E-06   0.117E-06   0.124E-06   0.133E-06   0.141E-06   0.150E-06
   11.600   0.986E-07   0.993E-07   0.101E-06   0.105E-06   0.109E-06   0.115E-06   0.122E-06   0.129E-06   0.137E-06   0.146E-06   0.155E-06
   11.700   0.103E-06   0.104E-06   0.106E-06   0.109E-06   0.114E-06   0.119E-06   0.126E-06   0.134E-06   0.142E-06   0.151E-06   0.160E-06
   11.800   0.107E-06   0.108E-06   0.110E-06   0.114E-06   0.118E-06   0.124E-06   0.131E-06   0.139E-06   0.147E-06   0.156E-06   0.165E-06
   11.900   0.112E-06   0.113E-06   0.115E-06   0.118E-06   0.123E-06   0.129E-06   0.136E-06   0.144E-06   0.153E-06   0.161E-06   0.171E-06
   12.000   0.117E-06   0.117E-06   0.120E-06   0.123E-06   0.128E-06   0.134E-06   0.142E-06   0.149E-06   0.158E-06   0.167E-06   0.176E-06
   12.100   0.122E-06   0.123E-06   0.125E-06   0.128E-06   0.134E-06   0.140E-06   0.147E-06   0.155E-06   0.164E-06   0.173E-06   0.182E-06
   12.200   0.127E-06   0.128E-06   0.130E-06   0.134E-06   0.139E-06   0.145E-06   0.153E-06   0.161E-06   0.170E-06   0.179E-06   0.188E-06
   12.300   0.133E-06   0.134E-06   0.136E-06   0.140E-06   0.145E-06   0.151E-06   0.159E-06   0.167E-06   0.176E-06   0.185E-06   0.194E-06
   12.400   0.139E-06   0.139E-06   0.142E-06   0.146E-06   0.151E-06   0.158E-06   0.165E-06   0.173E-06   0.182E-06   0.191E-06   0.200E-06
   12.500   0.145E-06   0.146E-06   0.148E-06   0.152E-06   0.158E-06   0.164E-06   0.172E-06   0.180E-06   0.189E-06   0.198E-06   0.206E-06
   12.600   0.151E-06   0.152E-06   0.155E-06   0.159E-06   0.164E-06   0.171E-06   0.179E-06   0.187E-06   0.196E-06   0.204E-06   0.213E-06
   12.700   0.158E-06   0.159E-06   0.162E-06   0.166E-06   0.171E-06   0.178E-06   0.186E-06   0.194E-06   0.203E-06   0.211E-06   0.220E-06
   12.800   0.165E-06   0.166E-06   0.169E-06   0.173E-06   0.179E-06   0.185E-06   0.193E-06   0.202E-06   0.210E-06   0.219E-06   0.226E-06
   12.900   0.173E-06   0.174E-06   0.176E-06   0.181E-06   0.186E-06   0.193E-06   0.201E-06   0.209E-06   0.218E-06   0.226E-06   0.234E-06
   13.000   0.181E-06   0.182E-06   0.185E-06   0.189E-06   0.194E-06   0.201E-06   0.209E-06   0.217E-06   0.226E-06   0.234E-06   0.241E-06
   13.100   0.189E-06   0.190E-06   0.193E-06   0.197E-06   0.203E-06   0.210E-06   0.217E-06   0.226E-06   0.234E-06   0.241E-06   0.248E-06
   13.200   0.198E-06   0.199E-06   0.202E-06   0.206E-06   0.212E-06   0.219E-06   0.226E-06   0.234E-06   0.242E-06   0.250E-06   0.256E-06
   13.300   0.207E-06   0.208E-06   0.211E-06   0.215E-06   0.221E-06   0.228E-06   0.235E-06   0.243E-06   0.251E-06   0.258E-06   0.264E-06
   13.400   0.217E-06   0.218E-06   0.221E-06   0.225E-06   0.231E-06   0.237E-06   0.245E-06   0.252E-06   0.260E-06   0.266E-06   0.272E-06
   13.500   0.227E-06   0.228E-06   0.231E-06   0.235E-06   0.241E-06   0.247E-06   0.255E-06   0.262E-06   0.269E-06   0.275E-06   0.280E-06
   13.600   0.238E-06   0.239E-06   0.242E-06   0.246E-06   0.251E-06   0.258E-06   0.265E-06   0.272E-06   0.278E-06   0.284E-06   0.288E-06
   13.700   0.249E-06   0.250E-06   0.253E-06   0.257E-06   0.263E-06   0.269E-06   0.275E-06   0.282E-06   0.288E-06   0.293E-06   0.297E-06
   13.800   0.261E-06   0.262E-06   0.265E-06   0.269E-06   0.274E-06   0.280E-06   0.286E-06   0.293E-06   0.298E-06   0.302E-06   0.305E-06
   13.900   0.274E-06   0.274E-06   0.277E-06   0.281E-06   0.286E-06   0.292E-06   0.298E-06   0.303E-06   0.308E-06   0.312E-06   0.314E-06
   14.000   0.287E-06   0.287E-06   0.290E-06   0.294E-06   0.298E-06   0.304E-06   0.309E-06   0.314E-06   0.319E-06   0.321E-06   0.323E-06
   14.100   0.300E-06   0.301E-06   0.303E-06   0.307E-06   0.311E-06   0.316E-06   0.321E-06   0.326E-06   0.329E-06   0.331E-06   0.331E-06
   14.200   0.314E-06   0.315E-06   0.317E-06   0.321E-06   0.325E-06   0.329E-06   0.334E-06   0.337E-06   0.340E-06   0.341E-06   0.340E-06
   14.300   0.329E-06   0.330E-06   0.332E-06   0.335E-06   0.339E-06   0.343E-06   0.346E-06   0.349E-06   0.351E-06   0.351E-06   0.349E-06
   14.400   0.344E-06   0.345E-06   0.347E-06   0.350E-06   0.353E-06   0.356E-06   0.359E-06   0.361E-06   0.362E-06   0.361E-06   0.358E-06
   14.500   0.360E-06   0.361E-06   0.363E-06   0.365E-06   0.368E-06   0.370E-06   0.373E-06   0.373E-06   0.373E-06   0.371E-06   0.366E-06
   14.600   0.377E-06   0.377E-06   0.379E-06   0.381E-06   0.383E-06   0.385E-06   0.386E-06   0.386E-06   0.384E-06   0.381E-06   0.375E-06
   14.700   0.394E-06   0.394E-06   0.395E-06   0.397E-06   0.398E-06   0.399E-06   0.400E-06   0.398E-06   0.395E-06   0.390E-06   0.384E-06
   14.800   0.411E-06   0.412E-06   0.412E-06   0.413E-06   0.414E-06   0.414E-06   0.413E-06   0.411E-06   0.407E-06   0.400E-06   0.392E-06
   14.900   0.429E-06   0.429E-06   0.430E-06   0.430E-06   0.430E-06   0.429E-06   0.427E-06   0.423E-06   0.418E-06   0.410E-06   0.400E-06
   15.000   0.448E-06   0.448E-06   0.448E-06   0.447E-06   0.446E-06   0.444E-06   0.441E-06   0.436E-06   0.429E-06   0.419E-06   0.408E-06
   15.100   0.466E-06   0.466E-06   0.466E-06   0.465E-06   0.463E-06   0.460E-06   0.455E-06   0.448E-06   0.439E-06   0.429E-06   0.416E-06
   15.200   0.485E-06   0.485E-06   0.484E-06   0.482E-06   0.479E-06   0.475E-06   0.469E-06   0.460E-06   0.450E-06   0.438E-06   0.424E-06
   15.300   0.504E-06   0.504E-06   0.502E-06   0.500E-06   0.496E-06   0.490E-06   0.482E-06   0.472E-06   0.460E-06   0.446E-06   0.431E-06
   15.400   0.523E-06   0.523E-06   0.521E-06   0.517E-06   0.512E-06   0.505E-06   0.495E-06   0.484E-06   0.470E-06   0.455E-06   0.438E-06
   15.500   0.542E-06   0.541E-06   0.539E-06   0.534E-06   0.528E-06   0.519E-06   0.508E-06   0.495E-06   0.480E-06   0.463E-06   0.444E-06
   15.600   0.561E-06   0.560E-06   0.556E-06   0.551E-06   0.543E-06   0.533E-06   0.521E-06   0.506E-06   0.489E-06   0.470E-06   0.450E-06
   15.700   0.579E-06   0.578E-06   0.574E-06   0.567E-06   0.558E-06   0.547E-06   0.532E-06   0.516E-06   0.497E-06   0.477E-06   0.456E-06
   15.800   0.597E-06   0.595E-06   0.591E-06   0.583E-06   0.573E-06   0.560E-06   0.544E-06   0.526E-06   0.505E-06   0.484E-06   0.461E-06
   15.900   0.613E-06   0.612E-06   0.607E-06   0.598E-06   0.587E-06   0.572E-06   0.554E-06   0.534E-06   0.513E-06   0.489E-06   0.465E-06
   16.000   0.629E-06   0.628E-06   0.622E-06   0.612E-06   0.599E-06   0.583E-06   0.564E-06   0.543E-06   0.519E-06   0.495E-06   0.469E-06
   16.100   0.644E-06   0.642E-06   0.636E-06   0.626E-06   0.611E-06   0.594E-06   0.573E-06   0.550E-06   0.525E-06   0.499E-06   0.473E-06
   16.200   0.658E-06   0.656E-06   0.649E-06   0.638E-06   0.622E-06   0.603E-06   0.581E-06   0.557E-06   0.530E-06   0.503E-06   0.476E-06
   16.300   0.671E-06   0.668E-06   0.661E-06   0.648E-06   0.632E-06   0.611E-06   0.588E-06   0.562E-06   0.535E-06   0.507E-06   0.478E-06
   16.400   0.682E-06   0.679E-06   0.671E-06   0.658E-06   0.640E-06   0.619E-06   0.594E-06   0.567E-06   0.538E-06   0.509E-06   0.480E-06
   16.500   0.691E-06   0.688E-06   0.680E-06   0.666E-06   0.647E-06   0.625E-06   0.599E-06   0.571E-06   0.541E-06   0.511E-06   0.481E-06
   16.600   0.699E-06   0.696E-06   0.687E-06   0.672E-06   0.653E-06   0.629E-06   0.602E-06   0.573E-06   0.543E-06   0.512E-06   0.481E-06
   16.700   0.705E-06   0.702E-06   0.692E-06   0.677E-06   0.657E-06   0.633E-06   0.605E-06   0.575E-06   0.544E-06   0.512E-06   0.481E-06
   16.800   0.709E-06   0.706E-06   0.696E-06   0.680E-06   0.660E-06   0.635E-06   0.606E-06   0.576E-06   0.544E-06   0.512E-06   0.480E-06
   16.900   0.711E-06   0.708E-06   0.698E-06   0.682E-06   0.661E-06   0.635E-06   0.606E-06   0.575E-06   0.543E-06   0.511E-06   0.479E-06
   17.000   0.712E-06   0.708E-06   0.698E-06   0.682E-06   0.660E-06   0.635E-06   0.605E-06   0.574E-06   0.542E-06   0.509E-06   0.477E-06
   17.100   0.711E-06   0.707E-06   0.697E-06   0.680E-06   0.659E-06   0.633E-06   0.603E-06   0.572E-06   0.539E-06   0.507E-06   0.474E-06
   17.200   0.707E-06   0.704E-06   0.694E-06   0.677E-06   0.655E-06   0.629E-06   0.600E-06   0.569E-06   0.536E-06   0.504E-06   0.471E-06
   17.300   0.703E-06   0.699E-06   0.689E-06   0.672E-06   0.651E-06   0.625E-06   0.596E-06   0.564E-06   0.532E-06   0.500E-06   0.468E-06
   17.400   0.696E-06   0.693E-06   0.683E-06   0.666E-06   0.645E-06   0.619E-06   0.590E-06   0.559E-06   0.528E-06   0.495E-06   0.464E-06
   17.500   0.688E-06   0.685E-06   0.675E-06   0.659E-06   0.638E-06   0.612E-06   0.584E-06   0.554E-06   0.522E-06   0.491E-06   0.460E-06
   17.600   0.679E-06   0.675E-06   0.666E-06   0.650E-06   0.629E-06   0.605E-06   0.577E-06   0.547E-06   0.516E-06   0.485E-06   0.455E-06
   17.700   0.668E-06   0.665E-06   0.655E-06   0.640E-06   0.620E-06   0.596E-06   0.569E-06   0.540E-06   0.510E-06   0.479E-06   0.449E-06
   17.800   0.656E-06   0.653E-06   0.644E-06   0.629E-06   0.610E-06   0.586E-06   0.560E-06   0.532E-06   0.503E-06   0.473E-06   0.444E-06
   17.900   0.643E-06   0.640E-06   0.631E-06   0.617E-06   0.599E-06   0.576E-06   0.551E-06   0.524E-06   0.495E-06   0.466E-06   0.438E-06
   18.000   0.629E-06   0.626E-06   0.618E-06   0.605E-06   0.587E-06   0.565E-06   0.541E-06   0.515E-06   0.487E-06   0.459E-06   0.432E-06
   18.100   0.615E-06   0.612E-06   0.604E-06   0.591E-06   0.574E-06   0.554E-06   0.531E-06   0.505E-06   0.479E-06   0.452E-06   0.425E-06
   18.200   0.600E-06   0.597E-06   0.590E-06   0.578E-06   0.562E-06   0.542E-06   0.520E-06   0.496E-06   0.470E-06   0.444E-06   0.419E-06
   18.300   0.584E-06   0.582E-06   0.575E-06   0.564E-06   0.548E-06   0.530E-06   0.509E-06   0.486E-06   0.462E-06   0.437E-06   0.412E-06
   18.400   0.569E-06   0.566E-06   0.560E-06   0.549E-06   0.535E-06   0.518E-06   0.498E-06   0.476E-06   0.452E-06   0.429E-06   0.405E-06
   18.500   0.553E-06   0.551E-06   0.545E-06   0.535E-06   0.521E-06   0.505E-06   0.486E-06   0.465E-06   0.443E-06   0.421E-06   0.398E-06
   18.600   0.537E-06   0.535E-06   0.529E-06   0.520E-06   0.508E-06   0.492E-06   0.474E-06   0.455E-06   0.434E-06   0.412E-06   0.390E-06
   18.700   0.521E-06   0.519E-06   0.514E-06   0.505E-06   0.494E-06   0.479E-06   0.463E-06   0.444E-06   0.425E-06   0.404E-06   0.383E-06
   18.800   0.505E-06   0.503E-06   0.499E-06   0.491E-06   0.480E-06   0.467E-06   0.451E-06   0.434E-06   0.415E-06   0.396E-06   0.376E-06
   18.900   0.489E-06   0.488E-06   0.484E-06   0.476E-06   0.466E-06   0.454E-06   0.440E-06   0.423E-06   0.406E-06   0.387E-06   0.368E-06
   19.000   0.474E-06   0.473E-06   0.469E-06   0.462E-06   0.453E-06   0.442E-06   0.428E-06   0.413E-06   0.396E-06   0.379E-06   0.361E-06
   19.100   0.459E-06   0.458E-06   0.454E-06   0.448E-06   0.440E-06   0.429E-06   0.417E-06   0.403E-06   0.387E-06   0.371E-06   0.353E-06
   19.200   0.444E-06   0.443E-06   0.440E-06   0.434E-06   0.427E-06   0.417E-06   0.405E-06   0.392E-06   0.378E-06   0.362E-06   0.346E-06
   19.300   0.430E-06   0.429E-06   0.426E-06   0.421E-06   0.414E-06   0.405E-06   0.394E-06   0.382E-06   0.369E-06   0.354E-06   0.339E-06
   19.400   0.416E-06   0.415E-06   0.412E-06   0.408E-06   0.401E-06   0.393E-06   0.384E-06   0.372E-06   0.360E-06   0.346E-06   0.332E-06
   19.500   0.402E-06   0.401E-06   0.399E-06   0.395E-06   0.389E-06   0.382E-06   0.373E-06   0.363E-06   0.351E-06   0.338E-06   0.325E-06
   19.600   0.389E-06   0.388E-06   0.386E-06   0.383E-06   0.377E-06   0.371E-06   0.363E-06   0.353E-06   0.342E-06   0.330E-06   0.317E-06
   19.700   0.376E-06   0.376E-06   0.374E-06   0.371E-06   0.366E-06   0.360E-06   0.352E-06   0.344E-06   0.334E-06   0.323E-06   0.311E-06
   19.800   0.364E-06   0.363E-06   0.362E-06   0.359E-06   0.355E-06   0.349E-06   0.343E-06   0.335E-06   0.325E-06   0.315E-06   0.304E-06
   19.900   0.352E-06   0.352E-06   0.350E-06   0.348E-06   0.344E-06   0.339E-06   0.333E-06   0.326E-06   0.317E-06   0.308E-06   0.297E-06
   20.000   0.341E-06   0.340E-06   0.339E-06   0.337E-06   0.334E-06   0.329E-06   0.324E-06   0.317E-06   0.309E-06   0.300E-06   0.290E-06
   20.100   0.330E-06   0.329E-06   0.328E-06   0.326E-06   0.323E-06   0.320E-06   0.315E-06   0.309E-06   0.301E-06   0.293E-06   0.284E-06
   20.200   0.319E-06   0.319E-06   0.318E-06   0.316E-06   0.314E-06   0.310E-06   0.306E-06   0.300E-06   0.294E-06   0.286E-06   0.278E-06
   20.300   0.309E-06   0.309E-06   0.308E-06   0.306E-06   0.304E-06   0.301E-06   0.297E-06   0.292E-06   0.286E-06   0.279E-06   0.271E-06
   20.400   0.299E-06   0.299E-06   0.298E-06   0.297E-06   0.295E-06   0.293E-06   0.289E-06   0.285E-06   0.279E-06   0.273E-06   0.265E-06
   20.500   0.290E-06   0.290E-06   0.289E-06   0.288E-06   0.286E-06   0.284E-06   0.281E-06   0.277E-06   0.272E-06   0.266E-06   0.259E-06
   20.600   0.281E-06   0.281E-06   0.280E-06   0.279E-06   0.278E-06   0.276E-06   0.273E-06   0.270E-06   0.265E-06   0.260E-06   0.253E-06
   20.700   0.272E-06   0.272E-06   0.272E-06   0.271E-06   0.270E-06   0.268E-06   0.266E-06   0.263E-06   0.259E-06   0.254E-06   0.248E-06
   20.800   0.264E-06   0.264E-06   0.263E-06   0.263E-06   0.262E-06   0.261E-06   0.259E-06   0.256E-06   0.252E-06   0.248E-06   0.242E-06
   20.900   0.256E-06   0.256E-06   0.256E-06   0.255E-06   0.255E-06   0.253E-06   0.252E-06   0.249E-06   0.246E-06   0.242E-06   0.237E-06
   21.000   0.248E-06   0.248E-06   0.248E-06   0.248E-06   0.247E-06   0.246E-06   0.245E-06   0.243E-06   0.240E-06   0.236E-06   0.232E-06
   21.100   0.241E-06   0.241E-06   0.241E-06   0.241E-06   0.240E-06   0.240E-06   0.238E-06   0.237E-06   0.234E-06   0.231E-06   0.226E-06
   21.200   0.234E-06   0.234E-06   0.234E-06   0.234E-06   0.234E-06   0.233E-06   0.232E-06   0.231E-06   0.228E-06   0.225E-06   0.221E-06
   21.300   0.227E-06   0.227E-06   0.227E-06   0.227E-06   0.227E-06   0.227E-06   0.226E-06   0.225E-06   0.223E-06   0.220E-06   0.217E-06
   21.400   0.220E-06   0.221E-06   0.221E-06   0.221E-06   0.221E-06   0.221E-06   0.220E-06   0.219E-06   0.217E-06   0.215E-06   0.212E-06
   21.500   0.214E-06   0.214E-06   0.214E-06   0.215E-06   0.215E-06   0.215E-06   0.214E-06   0.214E-06   0.212E-06   0.210E-06   0.207E-06
   21.600   0.208E-06   0.208E-06   0.208E-06   0.209E-06   0.209E-06   0.209E-06   0.209E-06   0.208E-06   0.207E-06   0.205E-06   0.203E-06
   21.700   0.202E-06   0.203E-06   0.203E-06   0.203E-06   0.203E-06   0.204E-06   0.204E-06   0.203E-06   0.202E-06   0.201E-06   0.198E-06
   21.800   0.197E-06   0.197E-06   0.197E-06   0.198E-06   0.198E-06   0.198E-06   0.199E-06   0.198E-06   0.197E-06   0.196E-06   0.194E-06
   21.900   0.192E-06   0.192E-06   0.192E-06   0.192E-06   0.193E-06   0.193E-06   0.194E-06   0.193E-06   0.193E-06   0.192E-06   0.190E-06
   22.000   0.186E-06   0.187E-06   0.187E-06   0.187E-06   0.188E-06   0.188E-06   0.189E-06   0.189E-06   0.188E-06   0.187E-06   0.186E-06
   22.100   0.182E-06   0.182E-06   0.182E-06   0.183E-06   0.183E-06   0.184E-06   0.184E-06   0.184E-06   0.184E-06   0.183E-06   0.182E-06
   22.200   0.177E-06   0.177E-06   0.177E-06   0.178E-06   0.179E-06   0.179E-06   0.180E-06   0.180E-06   0.180E-06   0.179E-06   0.178E-06
   22.300   0.172E-06   0.172E-06   0.173E-06   0.173E-06   0.174E-06   0.175E-06   0.175E-06   0.176E-06   0.176E-06   0.175E-06   0.174E-06
   22.400   0.168E-06   0.168E-06   0.168E-06   0.169E-06   0.170E-06   0.171E-06   0.171E-06   0.172E-06   0.172E-06   0.172E-06   0.171E-06
   22.500   0.164E-06   0.164E-06   0.164E-06   0.165E-06   0.166E-06   0.167E-06   0.167E-06   0.168E-06   0.168E-06   0.168E-06   0.167E-06
   22.600   0.160E-06   0.160E-06   0.160E-06   0.161E-06   0.162E-06   0.163E-06   0.163E-06   0.164E-06   0.164E-06   0.164E-06   0.164E-06
   22.700   0.156E-06   0.156E-06   0.156E-06   0.157E-06   0.158E-06   0.159E-06   0.160E-06   0.160E-06   0.161E-06   0.161E-06   0.160E-06
   22.800   0.152E-06   0.152E-06   0.152E-06   0.153E-06   0.154E-06   0.155E-06   0.156E-06   0.157E-06   0.157E-06   0.158E-06   0.157E-06
   22.900   0.148E-06   0.148E-06   0.149E-06   0.150E-06   0.150E-06   0.151E-06   0.152E-06   0.153E-06   0.154E-06   0.154E-06   0.154E-06
   23.000   0.145E-06   0.145E-06   0.145E-06   0.146E-06   0.147E-06   0.148E-06   0.149E-06   0.150E-06   0.151E-06   0.151E-06   0.151E-06
   23.100   0.141E-06   0.141E-06   0.142E-06   0.143E-06   0.144E-06   0.145E-06   0.146E-06   0.147E-06   0.148E-06   0.148E-06   0.148E-06
   23.200   0.138E-06   0.138E-06   0.139E-06   0.139E-06   0.140E-06   0.141E-06   0.143E-06   0.144E-06   0.144E-06   0.145E-06   0.145E-06
   23.300   0.135E-06   0.135E-06   0.136E-06   0.136E-06   0.137E-06   0.138E-06   0.140E-06   0.141E-06   0.142E-06   0.142E-06   0.142E-06
   23.400   0.132E-06   0.132E-06   0.132E-06   0.133E-06   0.134E-06   0.135E-06   0.137E-06   0.138E-06   0.139E-06   0.139E-06   0.140E-06
   23.500   0.129E-06   0.129E-06   0.130E-06   0.130E-06   0.131E-06   0.132E-06   0.134E-06   0.135E-06   0.136E-06   0.137E-06   0.137E-06
   23.600   0.126E-06   0.126E-06   0.127E-06   0.127E-06   0.128E-06   0.130E-06   0.131E-06   0.132E-06   0.133E-06   0.134E-06   0.134E-06
   23.700   0.123E-06   0.123E-06   0.124E-06   0.125E-06   0.126E-06   0.127E-06   0.128E-06   0.129E-06   0.130E-06   0.131E-06   0.132E-06
   23.800   0.121E-06   0.121E-06   0.121E-06   0.122E-06   0.123E-06   0.124E-06   0.125E-06   0.127E-06   0.128E-06   0.129E-06   0.129E-06
   23.900   0.118E-06   0.118E-06   0.119E-06   0.119E-06   0.120E-06   0.122E-06   0.123E-06   0.124E-06   0.125E-06   0.126E-06   0.127E-06
   24.000   0.116E-06   0.116E-06   0.116E-06   0.117E-06   0.118E-06   0.119E-06   0.120E-06   0.122E-06   0.123E-06   0.124E-06   0.125E-06
   24.100   0.113E-06   0.113E-06   0.114E-06   0.115E-06   0.116E-06   0.117E-06   0.118E-06   0.119E-06   0.121E-06   0.122E-06   0.122E-06
   24.200   0.111E-06   0.111E-06   0.111E-06   0.112E-06   0.113E-06   0.114E-06   0.116E-06   0.117E-06   0.118E-06   0.119E-06   0.120E-06
   24.300   0.109E-06   0.109E-06   0.109E-06   0.110E-06   0.111E-06   0.112E-06   0.113E-06   0.115E-06   0.116E-06   0.117E-06   0.118E-06
   24.400   0.106E-06   0.107E-06   0.107E-06   0.108E-06   0.109E-06   0.110E-06   0.111E-06   0.113E-06   0.114E-06   0.115E-06   0.116E-06
   24.500   0.104E-06   0.104E-06   0.105E-06   0.106E-06   0.107E-06   0.108E-06   0.109E-06   0.110E-06   0.112E-06   0.113E-06   0.114E-06
   24.600   0.102E-06   0.102E-06   0.103E-06   0.104E-06   0.105E-06   0.106E-06   0.107E-06   0.108E-06   0.110E-06   0.111E-06   0.112E-06
   24.700   0.100E-06   0.100E-06   0.101E-06   0.102E-06   0.103E-06   0.104E-06   0.105E-06   0.106E-06   0.108E-06   0.109E-06   0.110E-06
   24.800   0.982E-07   0.984E-07   0.988E-07   0.996E-07   0.101E-06   0.102E-06   0.103E-06   0.104E-06   0.106E-06   0.107E-06   0.108E-06
   24.900   0.964E-07   0.965E-07   0.970E-07   0.977E-07   0.987E-07   0.999E-07   0.101E-06   0.103E-06   0.104E-06   0.105E-06   0.106E-06
   25.000   0.945E-07   0.947E-07   0.951E-07   0.959E-07   0.968E-07   0.980E-07   0.993E-07   0.101E-06   0.102E-06   0.103E-06   0.104E-06
   25.100   0.928E-07   0.929E-07   0.934E-07   0.941E-07   0.951E-07   0.962E-07   0.975E-07   0.989E-07   0.100E-06   0.101E-06   0.103E-06
   25.200   0.910E-07   0.912E-07   0.916E-07   0.924E-07   0.933E-07   0.945E-07   0.958E-07   0.971E-07   0.985E-07   0.997E-07   0.101E-06
   25.300   0.894E-07   0.895E-07   0.900E-07   0.907E-07   0.916E-07   0.928E-07   0.941E-07   0.954E-07   0.968E-07   0.980E-07   0.992E-07
   25.400   0.878E-07   0.879E-07   0.883E-07   0.890E-07   0.900E-07   0.911E-07   0.924E-07   0.937E-07   0.951E-07   0.964E-07   0.975E-07
   25.500   0.862E-07   0.863E-07   0.868E-07   0.875E-07   0.884E-07   0.895E-07   0.908E-07   0.921E-07   0.935E-07   0.948E-07   0.959E-07
   25.600   0.846E-07   0.848E-07   0.852E-07   0.859E-07   0.868E-07   0.880E-07   0.892E-07   0.905E-07   0.919E-07   0.932E-07   0.944E-07
   25.700   0.832E-07   0.833E-07   0.837E-07   0.844E-07   0.853E-07   0.864E-07   0.877E-07   0.890E-07   0.904E-07   0.917E-07   0.929E-07
   25.800   0.817E-07   0.818E-07   0.823E-07   0.829E-07   0.839E-07   0.850E-07   0.862E-07   0.875E-07   0.889E-07   0.902E-07   0.914E-07
   25.900   0.803E-07   0.804E-07   0.808E-07   0.815E-07   0.824E-07   0.835E-07   0.847E-07   0.861E-07   0.874E-07   0.887E-07   0.899E-07
   26.000   0.789E-07   0.791E-07   0.795E-07   0.801E-07   0.810E-07   0.821E-07   0.833E-07   0.846E-07   0.860E-07   0.873E-07   0.885E-07
   26.100   0.776E-07   0.777E-07   0.781E-07   0.788E-07   0.797E-07   0.807E-07   0.820E-07   0.833E-07   0.846E-07   0.859E-07   0.871E-07
   26.200   0.763E-07   0.764E-07   0.768E-07   0.775E-07   0.783E-07   0.794E-07   0.806E-07   0.819E-07   0.832E-07   0.846E-07   0.858E-07
   26.300   0.750E-07   0.752E-07   0.756E-07   0.762E-07   0.771E-07   0.781E-07   0.793E-07   0.806E-07   0.819E-07   0.832E-07   0.845E-07
   26.400   0.738E-07   0.739E-07   0.743E-07   0.749E-07   0.758E-07   0.768E-07   0.780E-07   0.793E-07   0.806E-07   0.819E-07   0.832E-07
   26.500   0.726E-07   0.727E-07   0.731E-07   0.737E-07   0.746E-07   0.756E-07   0.768E-07   0.781E-07   0.794E-07   0.807E-07   0.819E-07
   26.600   0.714E-07   0.715E-07   0.719E-07   0.725E-07   0.734E-07   0.744E-07   0.756E-07   0.768E-07   0.781E-07   0.794E-07   0.807E-07
   26.700   0.703E-07   0.704E-07   0.708E-07   0.714E-07   0.722E-07   0.732E-07   0.744E-07   0.756E-07   0.769E-07   0.782E-07   0.795E-07
   26.800   0.692E-07   0.693E-07   0.697E-07   0.703E-07   0.711E-07   0.721E-07   0.732E-07   0.745E-07   0.758E-07   0.771E-07   0.783E-07
   26.900   0.681E-07   0.682E-07   0.686E-07   0.692E-07   0.700E-07   0.710E-07   0.721E-07   0.733E-07   0.746E-07   0.759E-07   0.772E-07
   27.000   0.670E-07   0.671E-07   0.675E-07   0.681E-07   0.689E-07   0.699E-07   0.710E-07   0.722E-07   0.735E-07   0.748E-07   0.760E-07
   27.100   0.660E-07   0.661E-07   0.665E-07   0.671E-07   0.678E-07   0.688E-07   0.699E-07   0.711E-07   0.724E-07   0.737E-07   0.749E-07
   27.200   0.650E-07   0.651E-07   0.655E-07   0.660E-07   0.668E-07   0.678E-07   0.689E-07   0.701E-07   0.713E-07   0.726E-07   0.739E-07
   27.300   0.640E-07   0.641E-07   0.645E-07   0.650E-07   0.658E-07   0.668E-07   0.679E-07   0.690E-07   0.703E-07   0.716E-07   0.728E-07
   27.400   0.630E-07   0.632E-07   0.635E-07   0.641E-07   0.648E-07   0.658E-07   0.668E-07   0.680E-07   0.693E-07   0.705E-07   0.718E-07
   27.500   0.621E-07   0.622E-07   0.626E-07   0.631E-07   0.639E-07   0.648E-07   0.659E-07   0.670E-07   0.683E-07   0.695E-07   0.708E-07
   27.600   0.612E-07   0.613E-07   0.616E-07   0.622E-07   0.629E-07   0.639E-07   0.649E-07   0.661E-07   0.673E-07   0.685E-07   0.698E-07
   27.700   0.603E-07   0.604E-07   0.607E-07   0.613E-07   0.620E-07   0.629E-07   0.640E-07   0.651E-07   0.663E-07   0.676E-07   0.688E-07
   27.800   0.594E-07   0.595E-07   0.599E-07   0.604E-07   0.611E-07   0.620E-07   0.631E-07   0.642E-07   0.654E-07   0.666E-07   0.679E-07
   27.900   0.586E-07   0.587E-07   0.590E-07   0.595E-07   0.603E-07   0.611E-07   0.622E-07   0.633E-07   0.645E-07   0.657E-07   0.669E-07
   28.000   0.577E-07   0.578E-07   0.582E-07   0.587E-07   0.594E-07   0.603E-07   0.613E-07   0.624E-07   0.636E-07   0.648E-07   0.660E-07
   28.100   0.569E-07   0.570E-07   0.573E-07   0.579E-07   0.586E-07   0.594E-07   0.604E-07   0.615E-07   0.627E-07   0.639E-07   0.651E-07
   28.200   0.561E-07   0.562E-07   0.565E-07   0.570E-07   0.577E-07   0.586E-07   0.596E-07   0.607E-07   0.619E-07   0.631E-07   0.643E-07
   28.300   0.553E-07   0.554E-07   0.558E-07   0.563E-07   0.569E-07   0.578E-07   0.588E-07   0.599E-07   0.610E-07   0.622E-07   0.634E-07
   28.400   0.546E-07   0.547E-07   0.550E-07   0.555E-07   0.562E-07   0.570E-07   0.580E-07   0.591E-07   0.602E-07   0.614E-07   0.626E-07
   28.500   0.538E-07   0.539E-07   0.542E-07   0.547E-07   0.554E-07   0.562E-07   0.572E-07   0.583E-07   0.594E-07   0.606E-07   0.617E-07
   28.600   0.531E-07   0.532E-07   0.535E-07   0.540E-07   0.547E-07   0.555E-07   0.564E-07   0.575E-07   0.586E-07   0.598E-07   0.609E-07
   28.700   0.524E-07   0.525E-07   0.528E-07   0.533E-07   0.539E-07   0.547E-07   0.557E-07   0.567E-07   0.578E-07   0.590E-07   0.601E-07
   28.800   0.517E-07   0.518E-07   0.521E-07   0.526E-07   0.532E-07   0.540E-07   0.549E-07   0.560E-07   0.571E-07   0.582E-07   0.594E-07
   28.900   0.510E-07   0.511E-07   0.514E-07   0.519E-07   0.525E-07   0.533E-07   0.542E-07   0.552E-07   0.563E-07   0.575E-07   0.586E-07
   29.000   0.503E-07   0.504E-07   0.507E-07   0.512E-07   0.518E-07   0.526E-07   0.535E-07   0.545E-07   0.556E-07   0.567E-07   0.579E-07
   29.100   0.497E-07   0.498E-07   0.501E-07   0.505E-07   0.511E-07   0.519E-07   0.528E-07   0.538E-07   0.549E-07   0.560E-07   0.571E-07
   29.200   0.490E-07   0.491E-07   0.494E-07   0.499E-07   0.505E-07   0.512E-07   0.521E-07   0.531E-07   0.542E-07   0.553E-07   0.564E-07
   29.300   0.484E-07   0.485E-07   0.488E-07   0.492E-07   0.498E-07   0.506E-07   0.515E-07   0.525E-07   0.535E-07   0.546E-07   0.557E-07
   29.400   0.478E-07   0.479E-07   0.482E-07   0.486E-07   0.492E-07   0.499E-07   0.508E-07   0.518E-07   0.528E-07   0.539E-07   0.550E-07
   29.500   0.472E-07   0.473E-07   0.475E-07   0.480E-07   0.486E-07   0.493E-07   0.502E-07   0.511E-07   0.522E-07   0.533E-07   0.544E-07
   29.600   0.466E-07   0.467E-07   0.470E-07   0.474E-07   0.480E-07   0.487E-07   0.496E-07   0.505E-07   0.515E-07   0.526E-07   0.537E-07
   29.700   0.460E-07   0.461E-07   0.464E-07   0.468E-07   0.474E-07   0.481E-07   0.489E-07   0.499E-07   0.509E-07   0.520E-07   0.531E-07
   29.800   0.454E-07   0.455E-07   0.458E-07   0.462E-07   0.468E-07   0.475E-07   0.483E-07   0.493E-07   0.503E-07   0.513E-07   0.524E-07
   29.900   0.449E-07   0.450E-07   0.452E-07   0.456E-07   0.462E-07   0.469E-07   0.478E-07   0.487E-07   0.497E-07   0.507E-07   0.518E-07
   30.000   0.443E-07   0.444E-07   0.447E-07   0.451E-07   0.457E-07   0.464E-07   0.472E-07   0.481E-07   0.491E-07   0.501E-07   0.512E-07
