# fe1_the_064_153_photoabs_h_SMLO.dat                    
#
# Z = 64, A =153
#
# Parameters:  Er1 = 12.843,  Wr1 =  4.179,  S1 =   0.400,  Er2 = 15.588,  Wr2 =  4.975,  S2 =   0.800,  beta=  0.230
# No. of entries:  300
# Col 1: photon energy E in MeV
# Col 2-11: E1 photoabsorption PSF (fe1 in MeV^-3) for nucleus at the temperatures T=0-2 MeV
# Format: f9.3, 11e12.3
# Authors:  V.A.Plujko, O.M. Gorbachenko, K.M. Solodovnyk (TSNU)
#   E         T=0.0       T=0.2       T=0.4       T=0.6       T=0.8       T=1.0       T=1.2       T=1.4       T=1.6       T=1.8       T=2.0
    0.100   0.112E-10   0.607E-10   0.280E-09   0.815E-09   0.182E-08   0.344E-08   0.584E-08   0.916E-08   0.136E-07   0.192E-07   0.262E-07
    0.200   0.450E-10   0.111E-09   0.372E-09   0.963E-09   0.204E-08   0.374E-08   0.623E-08   0.966E-08   0.142E-07   0.199E-07   0.271E-07
    0.300   0.101E-09   0.179E-09   0.480E-09   0.113E-08   0.227E-08   0.406E-08   0.664E-08   0.102E-07   0.148E-07   0.207E-07   0.280E-07
    0.400   0.180E-09   0.267E-09   0.606E-09   0.131E-08   0.252E-08   0.439E-08   0.708E-08   0.107E-07   0.155E-07   0.215E-07   0.290E-07
    0.500   0.282E-09   0.376E-09   0.750E-09   0.151E-08   0.279E-08   0.475E-08   0.753E-08   0.113E-07   0.162E-07   0.224E-07   0.300E-07
    0.600   0.406E-09   0.507E-09   0.915E-09   0.173E-08   0.308E-08   0.512E-08   0.801E-08   0.119E-07   0.169E-07   0.232E-07   0.310E-07
    0.700   0.553E-09   0.662E-09   0.110E-08   0.197E-08   0.339E-08   0.552E-08   0.851E-08   0.125E-07   0.176E-07   0.241E-07   0.320E-07
    0.800   0.724E-09   0.841E-09   0.131E-08   0.223E-08   0.373E-08   0.594E-08   0.903E-08   0.131E-07   0.184E-07   0.250E-07   0.331E-07
    0.900   0.918E-09   0.104E-08   0.154E-08   0.251E-08   0.408E-08   0.639E-08   0.958E-08   0.138E-07   0.192E-07   0.260E-07   0.342E-07
    1.000   0.114E-08   0.127E-08   0.179E-08   0.282E-08   0.446E-08   0.685E-08   0.102E-07   0.145E-07   0.201E-07   0.270E-07   0.354E-07
    1.100   0.138E-08   0.152E-08   0.207E-08   0.315E-08   0.486E-08   0.735E-08   0.108E-07   0.152E-07   0.209E-07   0.280E-07   0.366E-07
    1.200   0.164E-08   0.180E-08   0.238E-08   0.350E-08   0.529E-08   0.787E-08   0.114E-07   0.160E-07   0.218E-07   0.290E-07   0.378E-07
    1.300   0.193E-08   0.210E-08   0.271E-08   0.388E-08   0.574E-08   0.841E-08   0.120E-07   0.168E-07   0.227E-07   0.301E-07   0.391E-07
    1.400   0.225E-08   0.243E-08   0.306E-08   0.429E-08   0.622E-08   0.899E-08   0.127E-07   0.176E-07   0.237E-07   0.312E-07   0.404E-07
    1.500   0.259E-08   0.278E-08   0.345E-08   0.472E-08   0.673E-08   0.959E-08   0.134E-07   0.184E-07   0.247E-07   0.324E-07   0.417E-07
    1.600   0.295E-08   0.316E-08   0.386E-08   0.519E-08   0.727E-08   0.102E-07   0.142E-07   0.193E-07   0.257E-07   0.336E-07   0.431E-07
    1.700   0.335E-08   0.357E-08   0.429E-08   0.568E-08   0.783E-08   0.109E-07   0.150E-07   0.202E-07   0.268E-07   0.348E-07   0.445E-07
    1.800   0.376E-08   0.400E-08   0.476E-08   0.619E-08   0.842E-08   0.116E-07   0.158E-07   0.212E-07   0.279E-07   0.361E-07   0.460E-07
    1.900   0.421E-08   0.446E-08   0.526E-08   0.674E-08   0.905E-08   0.123E-07   0.166E-07   0.221E-07   0.290E-07   0.374E-07   0.475E-07
    2.000   0.468E-08   0.495E-08   0.578E-08   0.732E-08   0.971E-08   0.131E-07   0.175E-07   0.232E-07   0.302E-07   0.388E-07   0.491E-07
    2.100   0.519E-08   0.547E-08   0.633E-08   0.793E-08   0.104E-07   0.138E-07   0.184E-07   0.242E-07   0.315E-07   0.402E-07   0.507E-07
    2.200   0.572E-08   0.601E-08   0.692E-08   0.858E-08   0.111E-07   0.147E-07   0.194E-07   0.253E-07   0.327E-07   0.417E-07   0.524E-07
    2.300   0.628E-08   0.659E-08   0.754E-08   0.925E-08   0.119E-07   0.155E-07   0.203E-07   0.265E-07   0.340E-07   0.432E-07   0.541E-07
    2.400   0.687E-08   0.719E-08   0.818E-08   0.996E-08   0.127E-07   0.164E-07   0.214E-07   0.277E-07   0.354E-07   0.447E-07   0.559E-07
    2.500   0.750E-08   0.783E-08   0.887E-08   0.107E-07   0.135E-07   0.174E-07   0.225E-07   0.289E-07   0.368E-07   0.464E-07   0.577E-07
    2.600   0.815E-08   0.850E-08   0.958E-08   0.115E-07   0.144E-07   0.183E-07   0.236E-07   0.302E-07   0.383E-07   0.480E-07   0.596E-07
    2.700   0.884E-08   0.921E-08   0.103E-07   0.123E-07   0.153E-07   0.194E-07   0.247E-07   0.315E-07   0.398E-07   0.497E-07   0.615E-07
    2.800   0.956E-08   0.995E-08   0.111E-07   0.132E-07   0.162E-07   0.204E-07   0.259E-07   0.328E-07   0.413E-07   0.515E-07   0.635E-07
    2.900   0.103E-07   0.107E-07   0.119E-07   0.140E-07   0.172E-07   0.215E-07   0.272E-07   0.343E-07   0.429E-07   0.533E-07   0.656E-07
    3.000   0.111E-07   0.115E-07   0.128E-07   0.150E-07   0.182E-07   0.227E-07   0.285E-07   0.357E-07   0.446E-07   0.552E-07   0.677E-07
    3.100   0.119E-07   0.124E-07   0.137E-07   0.160E-07   0.193E-07   0.239E-07   0.298E-07   0.373E-07   0.463E-07   0.572E-07   0.699E-07
    3.200   0.128E-07   0.133E-07   0.146E-07   0.170E-07   0.204E-07   0.251E-07   0.312E-07   0.388E-07   0.481E-07   0.592E-07   0.722E-07
    3.300   0.137E-07   0.142E-07   0.156E-07   0.180E-07   0.216E-07   0.264E-07   0.327E-07   0.405E-07   0.500E-07   0.613E-07   0.745E-07
    3.400   0.147E-07   0.152E-07   0.166E-07   0.191E-07   0.228E-07   0.278E-07   0.342E-07   0.422E-07   0.519E-07   0.634E-07   0.770E-07
    3.500   0.157E-07   0.162E-07   0.177E-07   0.203E-07   0.241E-07   0.292E-07   0.358E-07   0.439E-07   0.539E-07   0.657E-07   0.795E-07
    3.600   0.167E-07   0.172E-07   0.188E-07   0.215E-07   0.254E-07   0.306E-07   0.374E-07   0.458E-07   0.559E-07   0.680E-07   0.820E-07
    3.700   0.178E-07   0.183E-07   0.200E-07   0.227E-07   0.267E-07   0.321E-07   0.391E-07   0.477E-07   0.580E-07   0.703E-07   0.847E-07
    3.800   0.189E-07   0.195E-07   0.212E-07   0.240E-07   0.282E-07   0.337E-07   0.408E-07   0.496E-07   0.602E-07   0.728E-07   0.874E-07
    3.900   0.201E-07   0.207E-07   0.224E-07   0.254E-07   0.296E-07   0.353E-07   0.426E-07   0.516E-07   0.625E-07   0.753E-07   0.903E-07
    4.000   0.213E-07   0.219E-07   0.237E-07   0.268E-07   0.312E-07   0.370E-07   0.445E-07   0.537E-07   0.649E-07   0.780E-07   0.932E-07
    4.100   0.226E-07   0.232E-07   0.251E-07   0.283E-07   0.328E-07   0.388E-07   0.465E-07   0.559E-07   0.673E-07   0.807E-07   0.962E-07
    4.200   0.240E-07   0.246E-07   0.265E-07   0.298E-07   0.344E-07   0.406E-07   0.485E-07   0.582E-07   0.698E-07   0.835E-07   0.993E-07
    4.300   0.254E-07   0.260E-07   0.280E-07   0.314E-07   0.362E-07   0.425E-07   0.506E-07   0.605E-07   0.724E-07   0.864E-07   0.103E-06
    4.400   0.268E-07   0.275E-07   0.296E-07   0.330E-07   0.380E-07   0.445E-07   0.528E-07   0.630E-07   0.751E-07   0.894E-07   0.106E-06
    4.500   0.283E-07   0.290E-07   0.312E-07   0.347E-07   0.398E-07   0.465E-07   0.551E-07   0.655E-07   0.779E-07   0.925E-07   0.109E-06
    4.600   0.299E-07   0.307E-07   0.329E-07   0.365E-07   0.418E-07   0.487E-07   0.574E-07   0.681E-07   0.808E-07   0.957E-07   0.113E-06
    4.700   0.316E-07   0.323E-07   0.346E-07   0.384E-07   0.438E-07   0.509E-07   0.599E-07   0.708E-07   0.838E-07   0.990E-07   0.116E-06
    4.800   0.333E-07   0.341E-07   0.364E-07   0.403E-07   0.459E-07   0.532E-07   0.624E-07   0.736E-07   0.869E-07   0.102E-06   0.120E-06
    4.900   0.351E-07   0.359E-07   0.383E-07   0.424E-07   0.481E-07   0.556E-07   0.650E-07   0.765E-07   0.902E-07   0.106E-06   0.124E-06
    5.000   0.370E-07   0.378E-07   0.403E-07   0.445E-07   0.504E-07   0.581E-07   0.678E-07   0.795E-07   0.935E-07   0.110E-06   0.128E-06
    5.100   0.389E-07   0.398E-07   0.424E-07   0.467E-07   0.527E-07   0.607E-07   0.706E-07   0.827E-07   0.969E-07   0.113E-06   0.132E-06
    5.200   0.410E-07   0.419E-07   0.445E-07   0.489E-07   0.552E-07   0.634E-07   0.736E-07   0.859E-07   0.101E-06   0.117E-06   0.137E-06
    5.300   0.431E-07   0.440E-07   0.468E-07   0.513E-07   0.578E-07   0.662E-07   0.766E-07   0.893E-07   0.104E-06   0.122E-06   0.141E-06
    5.400   0.453E-07   0.463E-07   0.491E-07   0.538E-07   0.604E-07   0.691E-07   0.798E-07   0.928E-07   0.108E-06   0.126E-06   0.146E-06
    5.500   0.476E-07   0.486E-07   0.515E-07   0.564E-07   0.632E-07   0.721E-07   0.831E-07   0.965E-07   0.112E-06   0.130E-06   0.150E-06
    5.600   0.501E-07   0.511E-07   0.541E-07   0.591E-07   0.661E-07   0.753E-07   0.866E-07   0.100E-06   0.116E-06   0.135E-06   0.155E-06
    5.700   0.526E-07   0.536E-07   0.567E-07   0.619E-07   0.691E-07   0.785E-07   0.902E-07   0.104E-06   0.121E-06   0.139E-06   0.161E-06
    5.800   0.552E-07   0.563E-07   0.595E-07   0.648E-07   0.723E-07   0.820E-07   0.939E-07   0.108E-06   0.125E-06   0.144E-06   0.166E-06
    5.900   0.580E-07   0.591E-07   0.624E-07   0.679E-07   0.756E-07   0.855E-07   0.978E-07   0.112E-06   0.130E-06   0.149E-06   0.171E-06
    6.000   0.609E-07   0.620E-07   0.654E-07   0.711E-07   0.790E-07   0.892E-07   0.102E-06   0.117E-06   0.134E-06   0.154E-06   0.177E-06
    6.100   0.639E-07   0.650E-07   0.686E-07   0.744E-07   0.826E-07   0.931E-07   0.106E-06   0.121E-06   0.139E-06   0.160E-06   0.183E-06
    6.200   0.670E-07   0.682E-07   0.719E-07   0.779E-07   0.863E-07   0.971E-07   0.110E-06   0.126E-06   0.145E-06   0.165E-06   0.189E-06
    6.300   0.703E-07   0.716E-07   0.753E-07   0.815E-07   0.902E-07   0.101E-06   0.115E-06   0.131E-06   0.150E-06   0.171E-06   0.195E-06
    6.400   0.738E-07   0.751E-07   0.789E-07   0.853E-07   0.942E-07   0.106E-06   0.120E-06   0.136E-06   0.156E-06   0.177E-06   0.201E-06
    6.500   0.774E-07   0.787E-07   0.827E-07   0.893E-07   0.985E-07   0.110E-06   0.125E-06   0.142E-06   0.161E-06   0.184E-06   0.208E-06
    6.600   0.812E-07   0.825E-07   0.866E-07   0.934E-07   0.103E-06   0.115E-06   0.130E-06   0.147E-06   0.167E-06   0.190E-06   0.215E-06
    6.700   0.851E-07   0.865E-07   0.908E-07   0.978E-07   0.108E-06   0.120E-06   0.135E-06   0.153E-06   0.174E-06   0.197E-06   0.222E-06
    6.800   0.893E-07   0.907E-07   0.951E-07   0.102E-06   0.112E-06   0.125E-06   0.141E-06   0.159E-06   0.180E-06   0.204E-06   0.229E-06
    6.900   0.936E-07   0.951E-07   0.996E-07   0.107E-06   0.117E-06   0.131E-06   0.147E-06   0.166E-06   0.187E-06   0.211E-06   0.237E-06
    7.000   0.982E-07   0.997E-07   0.104E-06   0.112E-06   0.123E-06   0.136E-06   0.153E-06   0.172E-06   0.194E-06   0.219E-06   0.245E-06
    7.100   0.103E-06   0.105E-06   0.109E-06   0.117E-06   0.128E-06   0.142E-06   0.159E-06   0.179E-06   0.201E-06   0.226E-06   0.253E-06
    7.200   0.108E-06   0.110E-06   0.115E-06   0.123E-06   0.134E-06   0.149E-06   0.166E-06   0.186E-06   0.209E-06   0.234E-06   0.262E-06
    7.300   0.113E-06   0.115E-06   0.120E-06   0.129E-06   0.140E-06   0.155E-06   0.173E-06   0.194E-06   0.217E-06   0.243E-06   0.270E-06
    7.400   0.119E-06   0.121E-06   0.126E-06   0.135E-06   0.147E-06   0.162E-06   0.180E-06   0.201E-06   0.225E-06   0.251E-06   0.280E-06
    7.500   0.125E-06   0.126E-06   0.132E-06   0.141E-06   0.153E-06   0.169E-06   0.188E-06   0.210E-06   0.234E-06   0.261E-06   0.289E-06
    7.600   0.131E-06   0.133E-06   0.138E-06   0.148E-06   0.160E-06   0.176E-06   0.196E-06   0.218E-06   0.243E-06   0.270E-06   0.299E-06
    7.700   0.137E-06   0.139E-06   0.145E-06   0.155E-06   0.168E-06   0.184E-06   0.204E-06   0.227E-06   0.252E-06   0.280E-06   0.309E-06
    7.800   0.144E-06   0.146E-06   0.152E-06   0.162E-06   0.175E-06   0.192E-06   0.213E-06   0.236E-06   0.262E-06   0.290E-06   0.319E-06
    7.900   0.151E-06   0.153E-06   0.159E-06   0.170E-06   0.184E-06   0.201E-06   0.222E-06   0.246E-06   0.272E-06   0.300E-06   0.330E-06
    8.000   0.159E-06   0.161E-06   0.167E-06   0.178E-06   0.192E-06   0.210E-06   0.231E-06   0.256E-06   0.282E-06   0.311E-06   0.341E-06
    8.100   0.167E-06   0.169E-06   0.176E-06   0.186E-06   0.201E-06   0.220E-06   0.241E-06   0.266E-06   0.293E-06   0.322E-06   0.352E-06
    8.200   0.175E-06   0.178E-06   0.184E-06   0.195E-06   0.211E-06   0.230E-06   0.252E-06   0.277E-06   0.305E-06   0.334E-06   0.364E-06
    8.300   0.184E-06   0.186E-06   0.193E-06   0.205E-06   0.221E-06   0.240E-06   0.263E-06   0.289E-06   0.317E-06   0.346E-06   0.376E-06
    8.400   0.194E-06   0.196E-06   0.203E-06   0.215E-06   0.231E-06   0.251E-06   0.274E-06   0.301E-06   0.329E-06   0.359E-06   0.389E-06
    8.500   0.204E-06   0.206E-06   0.213E-06   0.226E-06   0.242E-06   0.263E-06   0.287E-06   0.313E-06   0.342E-06   0.372E-06   0.402E-06
    8.600   0.214E-06   0.217E-06   0.224E-06   0.237E-06   0.254E-06   0.275E-06   0.299E-06   0.326E-06   0.355E-06   0.385E-06   0.415E-06
    8.700   0.225E-06   0.228E-06   0.236E-06   0.249E-06   0.266E-06   0.287E-06   0.312E-06   0.340E-06   0.369E-06   0.399E-06   0.429E-06
    8.800   0.237E-06   0.240E-06   0.248E-06   0.261E-06   0.279E-06   0.301E-06   0.326E-06   0.354E-06   0.383E-06   0.413E-06   0.443E-06
    8.900   0.250E-06   0.252E-06   0.261E-06   0.274E-06   0.293E-06   0.315E-06   0.341E-06   0.369E-06   0.398E-06   0.428E-06   0.457E-06
    9.000   0.263E-06   0.266E-06   0.274E-06   0.288E-06   0.307E-06   0.330E-06   0.356E-06   0.384E-06   0.414E-06   0.443E-06   0.472E-06
    9.100   0.277E-06   0.280E-06   0.289E-06   0.303E-06   0.322E-06   0.346E-06   0.372E-06   0.401E-06   0.430E-06   0.459E-06   0.487E-06
    9.200   0.292E-06   0.295E-06   0.304E-06   0.319E-06   0.338E-06   0.362E-06   0.389E-06   0.417E-06   0.447E-06   0.476E-06   0.503E-06
    9.300   0.308E-06   0.311E-06   0.320E-06   0.335E-06   0.355E-06   0.379E-06   0.406E-06   0.435E-06   0.464E-06   0.492E-06   0.519E-06
    9.400   0.325E-06   0.328E-06   0.337E-06   0.353E-06   0.373E-06   0.397E-06   0.425E-06   0.453E-06   0.482E-06   0.510E-06   0.535E-06
    9.500   0.343E-06   0.346E-06   0.356E-06   0.371E-06   0.392E-06   0.417E-06   0.444E-06   0.472E-06   0.501E-06   0.528E-06   0.552E-06
    9.600   0.362E-06   0.365E-06   0.375E-06   0.391E-06   0.412E-06   0.437E-06   0.464E-06   0.492E-06   0.520E-06   0.546E-06   0.569E-06
    9.700   0.382E-06   0.385E-06   0.395E-06   0.412E-06   0.433E-06   0.458E-06   0.485E-06   0.513E-06   0.540E-06   0.564E-06   0.586E-06
    9.800   0.404E-06   0.407E-06   0.417E-06   0.434E-06   0.455E-06   0.480E-06   0.507E-06   0.534E-06   0.560E-06   0.584E-06   0.604E-06
    9.900   0.427E-06   0.430E-06   0.440E-06   0.457E-06   0.478E-06   0.503E-06   0.529E-06   0.556E-06   0.581E-06   0.603E-06   0.622E-06
   10.000   0.451E-06   0.455E-06   0.465E-06   0.482E-06   0.503E-06   0.527E-06   0.553E-06   0.579E-06   0.602E-06   0.623E-06   0.640E-06
   10.100   0.477E-06   0.481E-06   0.491E-06   0.508E-06   0.529E-06   0.553E-06   0.578E-06   0.602E-06   0.624E-06   0.643E-06   0.658E-06
   10.200   0.505E-06   0.508E-06   0.519E-06   0.535E-06   0.556E-06   0.579E-06   0.603E-06   0.627E-06   0.647E-06   0.664E-06   0.677E-06
   10.300   0.534E-06   0.537E-06   0.548E-06   0.564E-06   0.584E-06   0.607E-06   0.630E-06   0.651E-06   0.670E-06   0.685E-06   0.695E-06
   10.400   0.565E-06   0.568E-06   0.579E-06   0.594E-06   0.614E-06   0.636E-06   0.657E-06   0.677E-06   0.693E-06   0.706E-06   0.714E-06
   10.500   0.598E-06   0.601E-06   0.611E-06   0.627E-06   0.645E-06   0.666E-06   0.686E-06   0.703E-06   0.717E-06   0.727E-06   0.733E-06
   10.600   0.633E-06   0.636E-06   0.646E-06   0.660E-06   0.678E-06   0.697E-06   0.715E-06   0.730E-06   0.741E-06   0.748E-06   0.751E-06
   10.700   0.669E-06   0.673E-06   0.682E-06   0.695E-06   0.712E-06   0.729E-06   0.744E-06   0.757E-06   0.765E-06   0.770E-06   0.770E-06
   10.800   0.708E-06   0.711E-06   0.719E-06   0.732E-06   0.747E-06   0.762E-06   0.775E-06   0.784E-06   0.790E-06   0.791E-06   0.789E-06
   10.900   0.749E-06   0.751E-06   0.759E-06   0.770E-06   0.783E-06   0.795E-06   0.805E-06   0.812E-06   0.814E-06   0.813E-06   0.807E-06
   11.000   0.791E-06   0.793E-06   0.800E-06   0.810E-06   0.820E-06   0.830E-06   0.837E-06   0.840E-06   0.839E-06   0.834E-06   0.826E-06
   11.100   0.835E-06   0.837E-06   0.842E-06   0.850E-06   0.858E-06   0.865E-06   0.868E-06   0.868E-06   0.863E-06   0.855E-06   0.844E-06
   11.200   0.880E-06   0.882E-06   0.886E-06   0.892E-06   0.897E-06   0.900E-06   0.900E-06   0.896E-06   0.888E-06   0.876E-06   0.862E-06
   11.300   0.927E-06   0.928E-06   0.931E-06   0.934E-06   0.936E-06   0.936E-06   0.931E-06   0.923E-06   0.912E-06   0.897E-06   0.879E-06
   11.400   0.975E-06   0.976E-06   0.977E-06   0.977E-06   0.976E-06   0.971E-06   0.963E-06   0.951E-06   0.935E-06   0.917E-06   0.896E-06
   11.500   0.102E-05   0.102E-05   0.102E-05   0.102E-05   0.102E-05   0.101E-05   0.994E-06   0.978E-06   0.958E-06   0.937E-06   0.913E-06
   11.600   0.107E-05   0.107E-05   0.107E-05   0.106E-05   0.105E-05   0.104E-05   0.102E-05   0.100E-05   0.981E-06   0.956E-06   0.930E-06
   11.700   0.112E-05   0.112E-05   0.111E-05   0.111E-05   0.109E-05   0.107E-05   0.105E-05   0.103E-05   0.100E-05   0.975E-06   0.946E-06
   11.800   0.117E-05   0.117E-05   0.116E-05   0.115E-05   0.113E-05   0.111E-05   0.108E-05   0.105E-05   0.102E-05   0.993E-06   0.961E-06
   11.900   0.121E-05   0.121E-05   0.120E-05   0.119E-05   0.117E-05   0.114E-05   0.111E-05   0.108E-05   0.105E-05   0.101E-05   0.976E-06
   12.000   0.126E-05   0.125E-05   0.124E-05   0.122E-05   0.120E-05   0.117E-05   0.114E-05   0.110E-05   0.107E-05   0.103E-05   0.991E-06
   12.100   0.130E-05   0.130E-05   0.128E-05   0.126E-05   0.123E-05   0.120E-05   0.116E-05   0.112E-05   0.108E-05   0.104E-05   0.100E-05
   12.200   0.134E-05   0.133E-05   0.132E-05   0.129E-05   0.126E-05   0.123E-05   0.119E-05   0.114E-05   0.110E-05   0.106E-05   0.102E-05
   12.300   0.137E-05   0.137E-05   0.135E-05   0.132E-05   0.129E-05   0.125E-05   0.121E-05   0.116E-05   0.112E-05   0.108E-05   0.103E-05
   12.400   0.141E-05   0.140E-05   0.138E-05   0.135E-05   0.132E-05   0.127E-05   0.123E-05   0.118E-05   0.114E-05   0.109E-05   0.104E-05
   12.500   0.143E-05   0.143E-05   0.141E-05   0.138E-05   0.134E-05   0.130E-05   0.125E-05   0.120E-05   0.115E-05   0.110E-05   0.106E-05
   12.600   0.146E-05   0.145E-05   0.143E-05   0.140E-05   0.136E-05   0.132E-05   0.127E-05   0.122E-05   0.117E-05   0.112E-05   0.107E-05
   12.700   0.148E-05   0.147E-05   0.145E-05   0.142E-05   0.138E-05   0.134E-05   0.129E-05   0.124E-05   0.118E-05   0.113E-05   0.108E-05
   12.800   0.150E-05   0.149E-05   0.147E-05   0.144E-05   0.140E-05   0.135E-05   0.130E-05   0.125E-05   0.120E-05   0.114E-05   0.109E-05
   12.900   0.151E-05   0.151E-05   0.149E-05   0.146E-05   0.142E-05   0.137E-05   0.132E-05   0.126E-05   0.121E-05   0.115E-05   0.110E-05
   13.000   0.153E-05   0.152E-05   0.150E-05   0.147E-05   0.143E-05   0.138E-05   0.133E-05   0.128E-05   0.122E-05   0.116E-05   0.111E-05
   13.100   0.154E-05   0.153E-05   0.151E-05   0.148E-05   0.144E-05   0.140E-05   0.135E-05   0.129E-05   0.123E-05   0.118E-05   0.112E-05
   13.200   0.155E-05   0.154E-05   0.152E-05   0.150E-05   0.146E-05   0.141E-05   0.136E-05   0.130E-05   0.125E-05   0.118E-05   0.112E-05
   13.300   0.156E-05   0.155E-05   0.154E-05   0.151E-05   0.147E-05   0.142E-05   0.137E-05   0.132E-05   0.126E-05   0.119E-05   0.113E-05
   13.400   0.157E-05   0.156E-05   0.155E-05   0.152E-05   0.148E-05   0.144E-05   0.138E-05   0.133E-05   0.127E-05   0.120E-05   0.114E-05
   13.500   0.158E-05   0.157E-05   0.156E-05   0.153E-05   0.149E-05   0.145E-05   0.139E-05   0.134E-05   0.127E-05   0.121E-05   0.114E-05
   13.600   0.159E-05   0.158E-05   0.157E-05   0.154E-05   0.150E-05   0.146E-05   0.141E-05   0.135E-05   0.128E-05   0.121E-05   0.115E-05
   13.700   0.160E-05   0.159E-05   0.158E-05   0.155E-05   0.151E-05   0.147E-05   0.142E-05   0.135E-05   0.129E-05   0.122E-05   0.115E-05
   13.800   0.161E-05   0.160E-05   0.159E-05   0.156E-05   0.153E-05   0.148E-05   0.142E-05   0.136E-05   0.130E-05   0.122E-05   0.115E-05
   13.900   0.162E-05   0.162E-05   0.160E-05   0.157E-05   0.154E-05   0.149E-05   0.143E-05   0.137E-05   0.130E-05   0.123E-05   0.116E-05
   14.000   0.163E-05   0.163E-05   0.161E-05   0.158E-05   0.155E-05   0.150E-05   0.144E-05   0.138E-05   0.130E-05   0.123E-05   0.116E-05
   14.100   0.165E-05   0.164E-05   0.162E-05   0.160E-05   0.156E-05   0.151E-05   0.145E-05   0.138E-05   0.131E-05   0.123E-05   0.116E-05
   14.200   0.166E-05   0.165E-05   0.163E-05   0.161E-05   0.156E-05   0.151E-05   0.145E-05   0.138E-05   0.131E-05   0.123E-05   0.116E-05
   14.300   0.167E-05   0.166E-05   0.165E-05   0.161E-05   0.157E-05   0.152E-05   0.146E-05   0.139E-05   0.131E-05   0.123E-05   0.115E-05
   14.400   0.168E-05   0.167E-05   0.165E-05   0.162E-05   0.158E-05   0.152E-05   0.146E-05   0.139E-05   0.131E-05   0.123E-05   0.115E-05
   14.500   0.169E-05   0.168E-05   0.166E-05   0.163E-05   0.158E-05   0.153E-05   0.146E-05   0.139E-05   0.131E-05   0.123E-05   0.115E-05
   14.600   0.170E-05   0.169E-05   0.167E-05   0.163E-05   0.159E-05   0.153E-05   0.146E-05   0.138E-05   0.130E-05   0.122E-05   0.114E-05
   14.700   0.170E-05   0.169E-05   0.167E-05   0.163E-05   0.159E-05   0.153E-05   0.146E-05   0.138E-05   0.130E-05   0.122E-05   0.114E-05
   14.800   0.170E-05   0.169E-05   0.167E-05   0.163E-05   0.158E-05   0.152E-05   0.145E-05   0.137E-05   0.129E-05   0.121E-05   0.113E-05
   14.900   0.170E-05   0.169E-05   0.167E-05   0.163E-05   0.158E-05   0.152E-05   0.144E-05   0.137E-05   0.128E-05   0.120E-05   0.112E-05
   15.000   0.170E-05   0.169E-05   0.166E-05   0.162E-05   0.157E-05   0.151E-05   0.143E-05   0.136E-05   0.127E-05   0.119E-05   0.111E-05
   15.100   0.169E-05   0.168E-05   0.165E-05   0.161E-05   0.156E-05   0.149E-05   0.142E-05   0.134E-05   0.126E-05   0.118E-05   0.110E-05
   15.200   0.167E-05   0.167E-05   0.164E-05   0.160E-05   0.155E-05   0.148E-05   0.141E-05   0.133E-05   0.125E-05   0.117E-05   0.109E-05
   15.300   0.166E-05   0.165E-05   0.162E-05   0.158E-05   0.153E-05   0.146E-05   0.139E-05   0.132E-05   0.124E-05   0.116E-05   0.108E-05
   15.400   0.164E-05   0.163E-05   0.160E-05   0.156E-05   0.151E-05   0.145E-05   0.138E-05   0.130E-05   0.122E-05   0.114E-05   0.106E-05
   15.500   0.161E-05   0.160E-05   0.158E-05   0.154E-05   0.149E-05   0.143E-05   0.136E-05   0.128E-05   0.120E-05   0.113E-05   0.105E-05
   15.600   0.159E-05   0.158E-05   0.155E-05   0.151E-05   0.146E-05   0.140E-05   0.133E-05   0.126E-05   0.119E-05   0.111E-05   0.104E-05
   15.700   0.155E-05   0.155E-05   0.152E-05   0.149E-05   0.144E-05   0.138E-05   0.131E-05   0.124E-05   0.117E-05   0.109E-05   0.102E-05
   15.800   0.152E-05   0.151E-05   0.149E-05   0.145E-05   0.141E-05   0.135E-05   0.129E-05   0.122E-05   0.115E-05   0.108E-05   0.101E-05
   15.900   0.149E-05   0.148E-05   0.146E-05   0.142E-05   0.138E-05   0.132E-05   0.126E-05   0.120E-05   0.113E-05   0.106E-05   0.992E-06
   16.000   0.145E-05   0.144E-05   0.142E-05   0.139E-05   0.135E-05   0.129E-05   0.124E-05   0.117E-05   0.111E-05   0.104E-05   0.975E-06
   16.100   0.141E-05   0.140E-05   0.138E-05   0.135E-05   0.131E-05   0.126E-05   0.121E-05   0.115E-05   0.109E-05   0.102E-05   0.959E-06
   16.200   0.137E-05   0.136E-05   0.134E-05   0.132E-05   0.128E-05   0.123E-05   0.118E-05   0.112E-05   0.106E-05   0.100E-05   0.942E-06
   16.300   0.133E-05   0.132E-05   0.131E-05   0.128E-05   0.124E-05   0.120E-05   0.115E-05   0.110E-05   0.104E-05   0.983E-06   0.925E-06
   16.400   0.129E-05   0.128E-05   0.127E-05   0.124E-05   0.121E-05   0.117E-05   0.112E-05   0.107E-05   0.102E-05   0.963E-06   0.907E-06
   16.500   0.125E-05   0.124E-05   0.123E-05   0.120E-05   0.117E-05   0.114E-05   0.109E-05   0.105E-05   0.996E-06   0.943E-06   0.890E-06
   16.600   0.120E-05   0.120E-05   0.119E-05   0.117E-05   0.114E-05   0.111E-05   0.107E-05   0.102E-05   0.973E-06   0.923E-06   0.872E-06
   16.700   0.116E-05   0.116E-05   0.115E-05   0.113E-05   0.111E-05   0.107E-05   0.104E-05   0.995E-06   0.950E-06   0.903E-06   0.855E-06
   16.800   0.112E-05   0.112E-05   0.111E-05   0.109E-05   0.107E-05   0.104E-05   0.101E-05   0.970E-06   0.928E-06   0.883E-06   0.838E-06
   16.900   0.109E-05   0.108E-05   0.107E-05   0.106E-05   0.104E-05   0.101E-05   0.980E-06   0.944E-06   0.905E-06   0.863E-06   0.820E-06
   17.000   0.105E-05   0.105E-05   0.104E-05   0.102E-05   0.101E-05   0.981E-06   0.952E-06   0.919E-06   0.883E-06   0.844E-06   0.803E-06
   17.100   0.101E-05   0.101E-05   0.100E-05   0.990E-06   0.973E-06   0.951E-06   0.925E-06   0.895E-06   0.861E-06   0.824E-06   0.786E-06
   17.200   0.976E-06   0.974E-06   0.967E-06   0.957E-06   0.942E-06   0.922E-06   0.899E-06   0.871E-06   0.839E-06   0.805E-06   0.769E-06
   17.300   0.941E-06   0.939E-06   0.934E-06   0.925E-06   0.911E-06   0.894E-06   0.873E-06   0.847E-06   0.818E-06   0.786E-06   0.752E-06
   17.400   0.908E-06   0.906E-06   0.902E-06   0.894E-06   0.882E-06   0.867E-06   0.847E-06   0.824E-06   0.797E-06   0.768E-06   0.736E-06
   17.500   0.876E-06   0.875E-06   0.871E-06   0.864E-06   0.854E-06   0.840E-06   0.822E-06   0.801E-06   0.777E-06   0.749E-06   0.719E-06
   17.600   0.845E-06   0.844E-06   0.841E-06   0.835E-06   0.826E-06   0.814E-06   0.798E-06   0.779E-06   0.757E-06   0.731E-06   0.703E-06
   17.700   0.816E-06   0.815E-06   0.812E-06   0.807E-06   0.799E-06   0.789E-06   0.775E-06   0.758E-06   0.737E-06   0.714E-06   0.688E-06
   17.800   0.787E-06   0.787E-06   0.784E-06   0.780E-06   0.774E-06   0.765E-06   0.753E-06   0.737E-06   0.718E-06   0.697E-06   0.672E-06
   17.900   0.760E-06   0.760E-06   0.758E-06   0.754E-06   0.749E-06   0.741E-06   0.731E-06   0.717E-06   0.700E-06   0.680E-06   0.657E-06
   18.000   0.734E-06   0.734E-06   0.732E-06   0.730E-06   0.725E-06   0.719E-06   0.709E-06   0.697E-06   0.682E-06   0.663E-06   0.642E-06
   18.100   0.709E-06   0.709E-06   0.708E-06   0.706E-06   0.702E-06   0.697E-06   0.689E-06   0.678E-06   0.664E-06   0.647E-06   0.628E-06
   18.200   0.685E-06   0.685E-06   0.685E-06   0.683E-06   0.680E-06   0.676E-06   0.669E-06   0.660E-06   0.647E-06   0.632E-06   0.614E-06
   18.300   0.663E-06   0.663E-06   0.662E-06   0.661E-06   0.659E-06   0.656E-06   0.650E-06   0.642E-06   0.630E-06   0.617E-06   0.600E-06
   18.400   0.641E-06   0.641E-06   0.641E-06   0.640E-06   0.639E-06   0.636E-06   0.631E-06   0.624E-06   0.614E-06   0.602E-06   0.586E-06
   18.500   0.620E-06   0.620E-06   0.620E-06   0.620E-06   0.620E-06   0.617E-06   0.614E-06   0.607E-06   0.599E-06   0.587E-06   0.573E-06
   18.600   0.600E-06   0.600E-06   0.601E-06   0.601E-06   0.601E-06   0.599E-06   0.596E-06   0.591E-06   0.584E-06   0.573E-06   0.560E-06
   18.700   0.581E-06   0.581E-06   0.582E-06   0.583E-06   0.583E-06   0.582E-06   0.580E-06   0.576E-06   0.569E-06   0.560E-06   0.548E-06
   18.800   0.563E-06   0.563E-06   0.564E-06   0.565E-06   0.566E-06   0.565E-06   0.564E-06   0.560E-06   0.555E-06   0.546E-06   0.536E-06
   18.900   0.546E-06   0.546E-06   0.547E-06   0.548E-06   0.549E-06   0.549E-06   0.548E-06   0.546E-06   0.541E-06   0.534E-06   0.524E-06
   19.000   0.529E-06   0.529E-06   0.530E-06   0.532E-06   0.533E-06   0.534E-06   0.534E-06   0.532E-06   0.527E-06   0.521E-06   0.512E-06
   19.100   0.513E-06   0.513E-06   0.515E-06   0.516E-06   0.518E-06   0.519E-06   0.519E-06   0.518E-06   0.515E-06   0.509E-06   0.501E-06
   19.200   0.498E-06   0.498E-06   0.499E-06   0.501E-06   0.503E-06   0.505E-06   0.505E-06   0.505E-06   0.502E-06   0.497E-06   0.490E-06
   19.300   0.483E-06   0.484E-06   0.485E-06   0.487E-06   0.489E-06   0.491E-06   0.492E-06   0.492E-06   0.490E-06   0.486E-06   0.479E-06
   19.400   0.469E-06   0.470E-06   0.471E-06   0.473E-06   0.476E-06   0.478E-06   0.479E-06   0.480E-06   0.478E-06   0.475E-06   0.469E-06
   19.500   0.456E-06   0.456E-06   0.458E-06   0.460E-06   0.463E-06   0.465E-06   0.467E-06   0.468E-06   0.467E-06   0.464E-06   0.459E-06
   19.600   0.443E-06   0.443E-06   0.445E-06   0.447E-06   0.450E-06   0.453E-06   0.455E-06   0.456E-06   0.456E-06   0.453E-06   0.449E-06
   19.700   0.431E-06   0.431E-06   0.433E-06   0.435E-06   0.438E-06   0.441E-06   0.444E-06   0.445E-06   0.445E-06   0.443E-06   0.439E-06
   19.800   0.419E-06   0.419E-06   0.421E-06   0.424E-06   0.427E-06   0.430E-06   0.432E-06   0.434E-06   0.435E-06   0.433E-06   0.430E-06
   19.900   0.407E-06   0.408E-06   0.410E-06   0.412E-06   0.415E-06   0.419E-06   0.422E-06   0.424E-06   0.425E-06   0.424E-06   0.421E-06
   20.000   0.397E-06   0.397E-06   0.399E-06   0.402E-06   0.405E-06   0.408E-06   0.411E-06   0.414E-06   0.415E-06   0.414E-06   0.412E-06
   20.100   0.386E-06   0.387E-06   0.388E-06   0.391E-06   0.395E-06   0.398E-06   0.401E-06   0.404E-06   0.406E-06   0.405E-06   0.404E-06
   20.200   0.376E-06   0.377E-06   0.378E-06   0.381E-06   0.385E-06   0.388E-06   0.392E-06   0.395E-06   0.396E-06   0.397E-06   0.395E-06
   20.300   0.366E-06   0.367E-06   0.369E-06   0.372E-06   0.375E-06   0.379E-06   0.383E-06   0.386E-06   0.388E-06   0.388E-06   0.387E-06
   20.400   0.357E-06   0.358E-06   0.360E-06   0.362E-06   0.366E-06   0.370E-06   0.374E-06   0.377E-06   0.379E-06   0.380E-06   0.379E-06
   20.500   0.348E-06   0.349E-06   0.351E-06   0.354E-06   0.357E-06   0.361E-06   0.365E-06   0.368E-06   0.371E-06   0.372E-06   0.372E-06
   20.600   0.340E-06   0.340E-06   0.342E-06   0.345E-06   0.349E-06   0.353E-06   0.356E-06   0.360E-06   0.363E-06   0.364E-06   0.364E-06
   20.700   0.331E-06   0.332E-06   0.334E-06   0.337E-06   0.340E-06   0.344E-06   0.348E-06   0.352E-06   0.355E-06   0.357E-06   0.357E-06
   20.800   0.323E-06   0.324E-06   0.326E-06   0.329E-06   0.332E-06   0.336E-06   0.341E-06   0.344E-06   0.347E-06   0.349E-06   0.350E-06
   20.900   0.316E-06   0.316E-06   0.318E-06   0.321E-06   0.325E-06   0.329E-06   0.333E-06   0.337E-06   0.340E-06   0.342E-06   0.343E-06
   21.000   0.308E-06   0.309E-06   0.311E-06   0.314E-06   0.317E-06   0.321E-06   0.326E-06   0.330E-06   0.333E-06   0.335E-06   0.337E-06
   21.100   0.301E-06   0.302E-06   0.304E-06   0.307E-06   0.310E-06   0.314E-06   0.319E-06   0.323E-06   0.326E-06   0.329E-06   0.330E-06
   21.200   0.294E-06   0.295E-06   0.297E-06   0.300E-06   0.303E-06   0.307E-06   0.312E-06   0.316E-06   0.320E-06   0.322E-06   0.324E-06
   21.300   0.288E-06   0.288E-06   0.290E-06   0.293E-06   0.297E-06   0.301E-06   0.305E-06   0.309E-06   0.313E-06   0.316E-06   0.318E-06
   21.400   0.281E-06   0.282E-06   0.284E-06   0.287E-06   0.290E-06   0.294E-06   0.299E-06   0.303E-06   0.307E-06   0.310E-06   0.312E-06
   21.500   0.275E-06   0.276E-06   0.278E-06   0.280E-06   0.284E-06   0.288E-06   0.292E-06   0.297E-06   0.301E-06   0.304E-06   0.306E-06
   21.600   0.269E-06   0.270E-06   0.272E-06   0.274E-06   0.278E-06   0.282E-06   0.286E-06   0.291E-06   0.295E-06   0.298E-06   0.300E-06
   21.700   0.264E-06   0.264E-06   0.266E-06   0.269E-06   0.272E-06   0.276E-06   0.281E-06   0.285E-06   0.289E-06   0.292E-06   0.295E-06
   21.800   0.258E-06   0.259E-06   0.260E-06   0.263E-06   0.266E-06   0.271E-06   0.275E-06   0.279E-06   0.283E-06   0.287E-06   0.289E-06
   21.900   0.253E-06   0.253E-06   0.255E-06   0.257E-06   0.261E-06   0.265E-06   0.269E-06   0.274E-06   0.278E-06   0.281E-06   0.284E-06
   22.000   0.247E-06   0.248E-06   0.250E-06   0.252E-06   0.256E-06   0.260E-06   0.264E-06   0.269E-06   0.273E-06   0.276E-06   0.279E-06
   22.100   0.242E-06   0.243E-06   0.245E-06   0.247E-06   0.251E-06   0.255E-06   0.259E-06   0.263E-06   0.268E-06   0.271E-06   0.274E-06
   22.200   0.237E-06   0.238E-06   0.240E-06   0.242E-06   0.246E-06   0.250E-06   0.254E-06   0.258E-06   0.263E-06   0.266E-06   0.269E-06
   22.300   0.233E-06   0.233E-06   0.235E-06   0.237E-06   0.241E-06   0.245E-06   0.249E-06   0.254E-06   0.258E-06   0.262E-06   0.265E-06
   22.400   0.228E-06   0.229E-06   0.230E-06   0.233E-06   0.236E-06   0.240E-06   0.244E-06   0.249E-06   0.253E-06   0.257E-06   0.260E-06
   22.500   0.224E-06   0.224E-06   0.226E-06   0.228E-06   0.232E-06   0.236E-06   0.240E-06   0.244E-06   0.248E-06   0.252E-06   0.255E-06
   22.600   0.219E-06   0.220E-06   0.221E-06   0.224E-06   0.227E-06   0.231E-06   0.235E-06   0.240E-06   0.244E-06   0.248E-06   0.251E-06
   22.700   0.215E-06   0.216E-06   0.217E-06   0.220E-06   0.223E-06   0.227E-06   0.231E-06   0.235E-06   0.240E-06   0.244E-06   0.247E-06
   22.800   0.211E-06   0.212E-06   0.213E-06   0.216E-06   0.219E-06   0.223E-06   0.227E-06   0.231E-06   0.235E-06   0.239E-06   0.243E-06
   22.900   0.207E-06   0.208E-06   0.209E-06   0.212E-06   0.215E-06   0.219E-06   0.223E-06   0.227E-06   0.231E-06   0.235E-06   0.239E-06
   23.000   0.203E-06   0.204E-06   0.205E-06   0.208E-06   0.211E-06   0.215E-06   0.219E-06   0.223E-06   0.227E-06   0.231E-06   0.235E-06
   23.100   0.200E-06   0.200E-06   0.202E-06   0.204E-06   0.207E-06   0.211E-06   0.215E-06   0.219E-06   0.223E-06   0.227E-06   0.231E-06
   23.200   0.196E-06   0.197E-06   0.198E-06   0.200E-06   0.203E-06   0.207E-06   0.211E-06   0.215E-06   0.220E-06   0.224E-06   0.227E-06
   23.300   0.193E-06   0.193E-06   0.194E-06   0.197E-06   0.200E-06   0.203E-06   0.207E-06   0.212E-06   0.216E-06   0.220E-06   0.223E-06
   23.400   0.189E-06   0.190E-06   0.191E-06   0.193E-06   0.196E-06   0.200E-06   0.204E-06   0.208E-06   0.212E-06   0.216E-06   0.220E-06
   23.500   0.186E-06   0.186E-06   0.188E-06   0.190E-06   0.193E-06   0.196E-06   0.200E-06   0.205E-06   0.209E-06   0.213E-06   0.216E-06
   23.600   0.183E-06   0.183E-06   0.184E-06   0.187E-06   0.190E-06   0.193E-06   0.197E-06   0.201E-06   0.205E-06   0.209E-06   0.213E-06
   23.700   0.180E-06   0.180E-06   0.181E-06   0.183E-06   0.186E-06   0.190E-06   0.194E-06   0.198E-06   0.202E-06   0.206E-06   0.210E-06
   23.800   0.177E-06   0.177E-06   0.178E-06   0.180E-06   0.183E-06   0.187E-06   0.191E-06   0.195E-06   0.199E-06   0.203E-06   0.206E-06
   23.900   0.174E-06   0.174E-06   0.175E-06   0.177E-06   0.180E-06   0.184E-06   0.187E-06   0.191E-06   0.196E-06   0.200E-06   0.203E-06
   24.000   0.171E-06   0.171E-06   0.172E-06   0.174E-06   0.177E-06   0.181E-06   0.184E-06   0.188E-06   0.192E-06   0.196E-06   0.200E-06
   24.100   0.168E-06   0.168E-06   0.170E-06   0.172E-06   0.174E-06   0.178E-06   0.181E-06   0.185E-06   0.189E-06   0.193E-06   0.197E-06
   24.200   0.165E-06   0.166E-06   0.167E-06   0.169E-06   0.172E-06   0.175E-06   0.178E-06   0.182E-06   0.186E-06   0.190E-06   0.194E-06
   24.300   0.162E-06   0.163E-06   0.164E-06   0.166E-06   0.169E-06   0.172E-06   0.176E-06   0.180E-06   0.184E-06   0.187E-06   0.191E-06
   24.400   0.160E-06   0.160E-06   0.162E-06   0.163E-06   0.166E-06   0.169E-06   0.173E-06   0.177E-06   0.181E-06   0.185E-06   0.188E-06
   24.500   0.157E-06   0.158E-06   0.159E-06   0.161E-06   0.163E-06   0.167E-06   0.170E-06   0.174E-06   0.178E-06   0.182E-06   0.185E-06
   24.600   0.155E-06   0.155E-06   0.156E-06   0.158E-06   0.161E-06   0.164E-06   0.168E-06   0.171E-06   0.175E-06   0.179E-06   0.183E-06
   24.700   0.152E-06   0.153E-06   0.154E-06   0.156E-06   0.158E-06   0.162E-06   0.165E-06   0.169E-06   0.173E-06   0.177E-06   0.180E-06
   24.800   0.150E-06   0.151E-06   0.152E-06   0.154E-06   0.156E-06   0.159E-06   0.163E-06   0.166E-06   0.170E-06   0.174E-06   0.178E-06
   24.900   0.148E-06   0.148E-06   0.149E-06   0.151E-06   0.154E-06   0.157E-06   0.160E-06   0.164E-06   0.168E-06   0.171E-06   0.175E-06
   25.000   0.146E-06   0.146E-06   0.147E-06   0.149E-06   0.151E-06   0.154E-06   0.158E-06   0.161E-06   0.165E-06   0.169E-06   0.172E-06
   25.100   0.143E-06   0.144E-06   0.145E-06   0.147E-06   0.149E-06   0.152E-06   0.155E-06   0.159E-06   0.163E-06   0.167E-06   0.170E-06
   25.200   0.141E-06   0.142E-06   0.143E-06   0.145E-06   0.147E-06   0.150E-06   0.153E-06   0.157E-06   0.160E-06   0.164E-06   0.168E-06
   25.300   0.139E-06   0.140E-06   0.141E-06   0.142E-06   0.145E-06   0.148E-06   0.151E-06   0.154E-06   0.158E-06   0.162E-06   0.165E-06
   25.400   0.137E-06   0.138E-06   0.139E-06   0.140E-06   0.143E-06   0.145E-06   0.149E-06   0.152E-06   0.156E-06   0.160E-06   0.163E-06
   25.500   0.135E-06   0.136E-06   0.137E-06   0.138E-06   0.141E-06   0.143E-06   0.147E-06   0.150E-06   0.154E-06   0.157E-06   0.161E-06
   25.600   0.133E-06   0.134E-06   0.135E-06   0.136E-06   0.139E-06   0.141E-06   0.145E-06   0.148E-06   0.152E-06   0.155E-06   0.159E-06
   25.700   0.131E-06   0.132E-06   0.133E-06   0.134E-06   0.137E-06   0.139E-06   0.142E-06   0.146E-06   0.149E-06   0.153E-06   0.156E-06
   25.800   0.130E-06   0.130E-06   0.131E-06   0.133E-06   0.135E-06   0.137E-06   0.141E-06   0.144E-06   0.147E-06   0.151E-06   0.154E-06
   25.900   0.128E-06   0.128E-06   0.129E-06   0.131E-06   0.133E-06   0.136E-06   0.139E-06   0.142E-06   0.145E-06   0.149E-06   0.152E-06
   26.000   0.126E-06   0.126E-06   0.127E-06   0.129E-06   0.131E-06   0.134E-06   0.137E-06   0.140E-06   0.143E-06   0.147E-06   0.150E-06
   26.100   0.124E-06   0.125E-06   0.126E-06   0.127E-06   0.129E-06   0.132E-06   0.135E-06   0.138E-06   0.141E-06   0.145E-06   0.148E-06
   26.200   0.123E-06   0.123E-06   0.124E-06   0.125E-06   0.127E-06   0.130E-06   0.133E-06   0.136E-06   0.140E-06   0.143E-06   0.146E-06
   26.300   0.121E-06   0.121E-06   0.122E-06   0.124E-06   0.126E-06   0.128E-06   0.131E-06   0.134E-06   0.138E-06   0.141E-06   0.144E-06
   26.400   0.119E-06   0.120E-06   0.121E-06   0.122E-06   0.124E-06   0.127E-06   0.129E-06   0.133E-06   0.136E-06   0.139E-06   0.143E-06
   26.500   0.118E-06   0.118E-06   0.119E-06   0.120E-06   0.122E-06   0.125E-06   0.128E-06   0.131E-06   0.134E-06   0.138E-06   0.141E-06
   26.600   0.116E-06   0.117E-06   0.117E-06   0.119E-06   0.121E-06   0.123E-06   0.126E-06   0.129E-06   0.132E-06   0.136E-06   0.139E-06
   26.700   0.115E-06   0.115E-06   0.116E-06   0.117E-06   0.119E-06   0.122E-06   0.124E-06   0.127E-06   0.131E-06   0.134E-06   0.137E-06
   26.800   0.113E-06   0.113E-06   0.114E-06   0.116E-06   0.118E-06   0.120E-06   0.123E-06   0.126E-06   0.129E-06   0.132E-06   0.136E-06
   26.900   0.112E-06   0.112E-06   0.113E-06   0.114E-06   0.116E-06   0.119E-06   0.121E-06   0.124E-06   0.127E-06   0.131E-06   0.134E-06
   27.000   0.110E-06   0.111E-06   0.111E-06   0.113E-06   0.115E-06   0.117E-06   0.120E-06   0.123E-06   0.126E-06   0.129E-06   0.132E-06
   27.100   0.109E-06   0.109E-06   0.110E-06   0.111E-06   0.113E-06   0.116E-06   0.118E-06   0.121E-06   0.124E-06   0.127E-06   0.131E-06
   27.200   0.108E-06   0.108E-06   0.109E-06   0.110E-06   0.112E-06   0.114E-06   0.117E-06   0.120E-06   0.123E-06   0.126E-06   0.129E-06
   27.300   0.106E-06   0.107E-06   0.107E-06   0.109E-06   0.110E-06   0.113E-06   0.115E-06   0.118E-06   0.121E-06   0.124E-06   0.127E-06
   27.400   0.105E-06   0.105E-06   0.106E-06   0.107E-06   0.109E-06   0.111E-06   0.114E-06   0.117E-06   0.120E-06   0.123E-06   0.126E-06
   27.500   0.104E-06   0.104E-06   0.105E-06   0.106E-06   0.108E-06   0.110E-06   0.112E-06   0.115E-06   0.118E-06   0.121E-06   0.124E-06
   27.600   0.102E-06   0.103E-06   0.103E-06   0.105E-06   0.106E-06   0.109E-06   0.111E-06   0.114E-06   0.117E-06   0.120E-06   0.123E-06
   27.700   0.101E-06   0.101E-06   0.102E-06   0.103E-06   0.105E-06   0.107E-06   0.110E-06   0.112E-06   0.115E-06   0.118E-06   0.121E-06
   27.800   0.999E-07   0.100E-06   0.101E-06   0.102E-06   0.104E-06   0.106E-06   0.108E-06   0.111E-06   0.114E-06   0.117E-06   0.120E-06
   27.900   0.987E-07   0.990E-07   0.997E-07   0.101E-06   0.103E-06   0.105E-06   0.107E-06   0.110E-06   0.113E-06   0.116E-06   0.119E-06
   28.000   0.976E-07   0.978E-07   0.986E-07   0.998E-07   0.101E-06   0.103E-06   0.106E-06   0.109E-06   0.111E-06   0.114E-06   0.117E-06
   28.100   0.964E-07   0.967E-07   0.974E-07   0.986E-07   0.100E-06   0.102E-06   0.105E-06   0.107E-06   0.110E-06   0.113E-06   0.116E-06
   28.200   0.953E-07   0.955E-07   0.963E-07   0.974E-07   0.991E-07   0.101E-06   0.103E-06   0.106E-06   0.109E-06   0.112E-06   0.115E-06
   28.300   0.942E-07   0.944E-07   0.951E-07   0.963E-07   0.979E-07   0.999E-07   0.102E-06   0.105E-06   0.108E-06   0.110E-06   0.113E-06
   28.400   0.931E-07   0.933E-07   0.941E-07   0.952E-07   0.968E-07   0.987E-07   0.101E-06   0.104E-06   0.106E-06   0.109E-06   0.112E-06
   28.500   0.920E-07   0.923E-07   0.930E-07   0.941E-07   0.957E-07   0.976E-07   0.999E-07   0.102E-06   0.105E-06   0.108E-06   0.111E-06
   28.600   0.910E-07   0.912E-07   0.919E-07   0.931E-07   0.946E-07   0.965E-07   0.987E-07   0.101E-06   0.104E-06   0.107E-06   0.109E-06
   28.700   0.900E-07   0.902E-07   0.909E-07   0.920E-07   0.935E-07   0.954E-07   0.976E-07   0.100E-06   0.103E-06   0.105E-06   0.108E-06
   28.800   0.890E-07   0.892E-07   0.899E-07   0.910E-07   0.925E-07   0.943E-07   0.965E-07   0.989E-07   0.102E-06   0.104E-06   0.107E-06
   28.900   0.880E-07   0.882E-07   0.889E-07   0.900E-07   0.914E-07   0.933E-07   0.954E-07   0.978E-07   0.100E-06   0.103E-06   0.106E-06
   29.000   0.870E-07   0.872E-07   0.879E-07   0.890E-07   0.904E-07   0.923E-07   0.944E-07   0.968E-07   0.993E-07   0.102E-06   0.105E-06
   29.100   0.861E-07   0.863E-07   0.869E-07   0.880E-07   0.894E-07   0.912E-07   0.933E-07   0.957E-07   0.982E-07   0.101E-06   0.104E-06
   29.200   0.851E-07   0.853E-07   0.860E-07   0.870E-07   0.885E-07   0.902E-07   0.923E-07   0.946E-07   0.971E-07   0.998E-07   0.102E-06
   29.300   0.842E-07   0.844E-07   0.851E-07   0.861E-07   0.875E-07   0.893E-07   0.913E-07   0.936E-07   0.961E-07   0.987E-07   0.101E-06
   29.400   0.833E-07   0.835E-07   0.841E-07   0.852E-07   0.866E-07   0.883E-07   0.903E-07   0.926E-07   0.951E-07   0.976E-07   0.100E-06
   29.500   0.824E-07   0.826E-07   0.832E-07   0.843E-07   0.856E-07   0.873E-07   0.894E-07   0.916E-07   0.940E-07   0.966E-07   0.992E-07
   29.600   0.815E-07   0.818E-07   0.824E-07   0.834E-07   0.847E-07   0.864E-07   0.884E-07   0.906E-07   0.930E-07   0.956E-07   0.981E-07
   29.700   0.807E-07   0.809E-07   0.815E-07   0.825E-07   0.838E-07   0.855E-07   0.875E-07   0.897E-07   0.921E-07   0.946E-07   0.971E-07
   29.800   0.798E-07   0.800E-07   0.806E-07   0.816E-07   0.829E-07   0.846E-07   0.865E-07   0.887E-07   0.911E-07   0.936E-07   0.961E-07
   29.900   0.790E-07   0.792E-07   0.798E-07   0.808E-07   0.821E-07   0.837E-07   0.856E-07   0.878E-07   0.901E-07   0.926E-07   0.951E-07
   30.000   0.782E-07   0.784E-07   0.790E-07   0.799E-07   0.812E-07   0.828E-07   0.847E-07   0.869E-07   0.892E-07   0.916E-07   0.941E-07
