# fe1_the_071_210_photoabs_h_SMLO.dat                    
#
# Z = 71, A =210
#
# Parameters:  Er1 = 11.608,  Wr1 =  3.815,  S1 =   0.400,  Er2 = 13.801,  Wr2 =  4.458,  S2 =   0.800,  beta=  0.205
# No. of entries:  300
# Col 1: photon energy E in MeV
# Col 2-11: E1 photoabsorption PSF (fe1 in MeV^-3) for nucleus at the temperatures T=0-2 MeV
# Format: f9.3, 11e12.3
# Authors:  V.A.Plujko, O.M. Gorbachenko, K.M. Solodovnyk (TSNU)
#   E         T=0.0       T=0.2       T=0.4       T=0.6       T=0.8       T=1.0       T=1.2       T=1.4       T=1.6       T=1.8       T=2.0
    0.100   0.224E-10   0.128E-09   0.608E-09   0.179E-08   0.401E-08   0.760E-08   0.129E-07   0.202E-07   0.300E-07   0.424E-07   0.579E-07
    0.200   0.895E-10   0.230E-09   0.798E-09   0.210E-08   0.446E-08   0.823E-08   0.137E-07   0.213E-07   0.313E-07   0.441E-07   0.599E-07
    0.300   0.202E-09   0.368E-09   0.102E-08   0.244E-08   0.495E-08   0.890E-08   0.146E-07   0.224E-07   0.327E-07   0.457E-07   0.619E-07
    0.400   0.359E-09   0.545E-09   0.128E-08   0.281E-08   0.548E-08   0.961E-08   0.155E-07   0.236E-07   0.341E-07   0.475E-07   0.639E-07
    0.500   0.561E-09   0.764E-09   0.157E-08   0.323E-08   0.605E-08   0.104E-07   0.165E-07   0.248E-07   0.356E-07   0.493E-07   0.661E-07
    0.600   0.809E-09   0.103E-08   0.191E-08   0.369E-08   0.666E-08   0.112E-07   0.175E-07   0.261E-07   0.372E-07   0.511E-07   0.683E-07
    0.700   0.110E-08   0.134E-08   0.229E-08   0.418E-08   0.731E-08   0.120E-07   0.186E-07   0.274E-07   0.388E-07   0.530E-07   0.706E-07
    0.800   0.144E-08   0.170E-08   0.271E-08   0.472E-08   0.801E-08   0.129E-07   0.197E-07   0.288E-07   0.404E-07   0.550E-07   0.729E-07
    0.900   0.183E-08   0.211E-08   0.319E-08   0.531E-08   0.875E-08   0.138E-07   0.209E-07   0.302E-07   0.422E-07   0.571E-07   0.753E-07
    1.000   0.227E-08   0.257E-08   0.371E-08   0.594E-08   0.954E-08   0.148E-07   0.221E-07   0.317E-07   0.440E-07   0.592E-07   0.778E-07
    1.100   0.275E-08   0.307E-08   0.427E-08   0.663E-08   0.104E-07   0.159E-07   0.234E-07   0.332E-07   0.458E-07   0.614E-07   0.804E-07
    1.200   0.328E-08   0.363E-08   0.489E-08   0.736E-08   0.113E-07   0.170E-07   0.247E-07   0.349E-07   0.478E-07   0.637E-07   0.831E-07
    1.300   0.386E-08   0.424E-08   0.557E-08   0.815E-08   0.122E-07   0.181E-07   0.261E-07   0.365E-07   0.498E-07   0.661E-07   0.859E-07
    1.400   0.449E-08   0.490E-08   0.629E-08   0.899E-08   0.132E-07   0.193E-07   0.276E-07   0.383E-07   0.518E-07   0.685E-07   0.887E-07
    1.500   0.518E-08   0.562E-08   0.708E-08   0.989E-08   0.143E-07   0.206E-07   0.291E-07   0.401E-07   0.540E-07   0.711E-07   0.917E-07
    1.600   0.592E-08   0.638E-08   0.792E-08   0.108E-07   0.154E-07   0.219E-07   0.307E-07   0.420E-07   0.562E-07   0.737E-07   0.947E-07
    1.700   0.671E-08   0.720E-08   0.881E-08   0.119E-07   0.166E-07   0.233E-07   0.324E-07   0.440E-07   0.586E-07   0.764E-07   0.978E-07
    1.800   0.755E-08   0.808E-08   0.977E-08   0.129E-07   0.179E-07   0.248E-07   0.341E-07   0.460E-07   0.610E-07   0.792E-07   0.101E-06
    1.900   0.846E-08   0.902E-08   0.108E-07   0.141E-07   0.192E-07   0.263E-07   0.359E-07   0.482E-07   0.635E-07   0.821E-07   0.104E-06
    2.000   0.942E-08   0.100E-07   0.119E-07   0.153E-07   0.206E-07   0.280E-07   0.378E-07   0.504E-07   0.660E-07   0.851E-07   0.108E-06
    2.100   0.104E-07   0.111E-07   0.130E-07   0.165E-07   0.220E-07   0.296E-07   0.398E-07   0.527E-07   0.687E-07   0.882E-07   0.111E-06
    2.200   0.115E-07   0.122E-07   0.142E-07   0.179E-07   0.235E-07   0.314E-07   0.418E-07   0.551E-07   0.715E-07   0.914E-07   0.115E-06
    2.300   0.127E-07   0.134E-07   0.155E-07   0.193E-07   0.251E-07   0.333E-07   0.440E-07   0.576E-07   0.744E-07   0.948E-07   0.119E-06
    2.400   0.139E-07   0.146E-07   0.168E-07   0.208E-07   0.268E-07   0.352E-07   0.462E-07   0.602E-07   0.774E-07   0.982E-07   0.123E-06
    2.500   0.152E-07   0.159E-07   0.182E-07   0.223E-07   0.286E-07   0.372E-07   0.485E-07   0.629E-07   0.805E-07   0.102E-06   0.127E-06
    2.600   0.165E-07   0.173E-07   0.197E-07   0.240E-07   0.304E-07   0.393E-07   0.509E-07   0.656E-07   0.837E-07   0.105E-06   0.131E-06
    2.700   0.179E-07   0.188E-07   0.213E-07   0.257E-07   0.323E-07   0.415E-07   0.535E-07   0.685E-07   0.870E-07   0.109E-06   0.135E-06
    2.800   0.194E-07   0.203E-07   0.229E-07   0.275E-07   0.344E-07   0.438E-07   0.561E-07   0.716E-07   0.905E-07   0.113E-06   0.140E-06
    2.900   0.210E-07   0.219E-07   0.246E-07   0.294E-07   0.365E-07   0.462E-07   0.588E-07   0.747E-07   0.941E-07   0.117E-06   0.145E-06
    3.000   0.226E-07   0.236E-07   0.264E-07   0.314E-07   0.387E-07   0.487E-07   0.617E-07   0.780E-07   0.978E-07   0.122E-06   0.149E-06
    3.100   0.244E-07   0.254E-07   0.283E-07   0.334E-07   0.410E-07   0.513E-07   0.646E-07   0.813E-07   0.102E-06   0.126E-06   0.154E-06
    3.200   0.262E-07   0.272E-07   0.303E-07   0.356E-07   0.434E-07   0.540E-07   0.677E-07   0.849E-07   0.106E-06   0.130E-06   0.159E-06
    3.300   0.281E-07   0.292E-07   0.324E-07   0.379E-07   0.459E-07   0.568E-07   0.709E-07   0.885E-07   0.110E-06   0.135E-06   0.165E-06
    3.400   0.301E-07   0.312E-07   0.346E-07   0.402E-07   0.485E-07   0.598E-07   0.743E-07   0.923E-07   0.114E-06   0.140E-06   0.170E-06
    3.500   0.322E-07   0.334E-07   0.368E-07   0.427E-07   0.513E-07   0.629E-07   0.778E-07   0.962E-07   0.119E-06   0.145E-06   0.176E-06
    3.600   0.344E-07   0.356E-07   0.392E-07   0.453E-07   0.541E-07   0.661E-07   0.814E-07   0.100E-06   0.123E-06   0.150E-06   0.182E-06
    3.700   0.367E-07   0.380E-07   0.417E-07   0.480E-07   0.571E-07   0.694E-07   0.852E-07   0.105E-06   0.128E-06   0.156E-06   0.188E-06
    3.800   0.391E-07   0.404E-07   0.443E-07   0.508E-07   0.603E-07   0.729E-07   0.891E-07   0.109E-06   0.133E-06   0.161E-06   0.194E-06
    3.900   0.417E-07   0.430E-07   0.470E-07   0.538E-07   0.635E-07   0.766E-07   0.932E-07   0.114E-06   0.138E-06   0.167E-06   0.200E-06
    4.000   0.443E-07   0.457E-07   0.499E-07   0.569E-07   0.669E-07   0.803E-07   0.974E-07   0.118E-06   0.144E-06   0.173E-06   0.207E-06
    4.100   0.471E-07   0.485E-07   0.529E-07   0.601E-07   0.705E-07   0.843E-07   0.102E-06   0.123E-06   0.149E-06   0.179E-06   0.214E-06
    4.200   0.500E-07   0.515E-07   0.560E-07   0.635E-07   0.742E-07   0.884E-07   0.106E-06   0.129E-06   0.155E-06   0.186E-06   0.221E-06
    4.300   0.531E-07   0.546E-07   0.592E-07   0.670E-07   0.781E-07   0.927E-07   0.111E-06   0.134E-06   0.161E-06   0.193E-06   0.229E-06
    4.400   0.562E-07   0.578E-07   0.626E-07   0.707E-07   0.821E-07   0.972E-07   0.116E-06   0.140E-06   0.167E-06   0.199E-06   0.236E-06
    4.500   0.596E-07   0.613E-07   0.662E-07   0.745E-07   0.863E-07   0.102E-06   0.122E-06   0.145E-06   0.174E-06   0.207E-06   0.244E-06
    4.600   0.631E-07   0.648E-07   0.700E-07   0.786E-07   0.907E-07   0.107E-06   0.127E-06   0.151E-06   0.181E-06   0.214E-06   0.252E-06
    4.700   0.668E-07   0.686E-07   0.739E-07   0.828E-07   0.954E-07   0.112E-06   0.133E-06   0.158E-06   0.188E-06   0.222E-06   0.261E-06
    4.800   0.706E-07   0.725E-07   0.780E-07   0.872E-07   0.100E-06   0.117E-06   0.139E-06   0.164E-06   0.195E-06   0.230E-06   0.270E-06
    4.900   0.747E-07   0.766E-07   0.823E-07   0.918E-07   0.105E-06   0.123E-06   0.145E-06   0.171E-06   0.202E-06   0.238E-06   0.279E-06
    5.000   0.789E-07   0.809E-07   0.868E-07   0.966E-07   0.110E-06   0.129E-06   0.151E-06   0.178E-06   0.210E-06   0.247E-06   0.288E-06
    5.100   0.834E-07   0.854E-07   0.915E-07   0.102E-06   0.116E-06   0.135E-06   0.158E-06   0.186E-06   0.218E-06   0.256E-06   0.298E-06
    5.200   0.880E-07   0.901E-07   0.964E-07   0.107E-06   0.122E-06   0.141E-06   0.165E-06   0.193E-06   0.227E-06   0.265E-06   0.308E-06
    5.300   0.929E-07   0.951E-07   0.102E-06   0.113E-06   0.128E-06   0.148E-06   0.172E-06   0.202E-06   0.236E-06   0.275E-06   0.318E-06
    5.400   0.980E-07   0.100E-06   0.107E-06   0.118E-06   0.134E-06   0.155E-06   0.180E-06   0.210E-06   0.245E-06   0.285E-06   0.329E-06
    5.500   0.103E-06   0.106E-06   0.113E-06   0.124E-06   0.141E-06   0.162E-06   0.188E-06   0.219E-06   0.255E-06   0.295E-06   0.340E-06
    5.600   0.109E-06   0.112E-06   0.119E-06   0.131E-06   0.148E-06   0.169E-06   0.196E-06   0.228E-06   0.265E-06   0.306E-06   0.352E-06
    5.700   0.115E-06   0.118E-06   0.125E-06   0.138E-06   0.155E-06   0.177E-06   0.205E-06   0.237E-06   0.275E-06   0.317E-06   0.364E-06
    5.800   0.121E-06   0.124E-06   0.132E-06   0.145E-06   0.163E-06   0.186E-06   0.214E-06   0.247E-06   0.286E-06   0.329E-06   0.376E-06
    5.900   0.128E-06   0.131E-06   0.139E-06   0.152E-06   0.171E-06   0.194E-06   0.223E-06   0.258E-06   0.297E-06   0.341E-06   0.389E-06
    6.000   0.135E-06   0.138E-06   0.146E-06   0.160E-06   0.179E-06   0.203E-06   0.233E-06   0.269E-06   0.309E-06   0.354E-06   0.403E-06
    6.100   0.142E-06   0.145E-06   0.154E-06   0.168E-06   0.188E-06   0.213E-06   0.244E-06   0.280E-06   0.321E-06   0.367E-06   0.416E-06
    6.200   0.150E-06   0.153E-06   0.162E-06   0.176E-06   0.197E-06   0.223E-06   0.255E-06   0.292E-06   0.334E-06   0.380E-06   0.431E-06
    6.300   0.158E-06   0.161E-06   0.170E-06   0.186E-06   0.207E-06   0.234E-06   0.266E-06   0.304E-06   0.347E-06   0.395E-06   0.445E-06
    6.400   0.167E-06   0.170E-06   0.179E-06   0.195E-06   0.217E-06   0.245E-06   0.278E-06   0.317E-06   0.361E-06   0.409E-06   0.461E-06
    6.500   0.176E-06   0.179E-06   0.189E-06   0.205E-06   0.228E-06   0.256E-06   0.291E-06   0.331E-06   0.375E-06   0.424E-06   0.476E-06
    6.600   0.185E-06   0.189E-06   0.199E-06   0.216E-06   0.239E-06   0.268E-06   0.304E-06   0.345E-06   0.391E-06   0.440E-06   0.493E-06
    6.700   0.195E-06   0.199E-06   0.209E-06   0.227E-06   0.251E-06   0.281E-06   0.318E-06   0.360E-06   0.406E-06   0.457E-06   0.509E-06
    6.800   0.206E-06   0.210E-06   0.220E-06   0.239E-06   0.263E-06   0.295E-06   0.332E-06   0.375E-06   0.422E-06   0.474E-06   0.527E-06
    6.900   0.217E-06   0.221E-06   0.232E-06   0.251E-06   0.277E-06   0.309E-06   0.347E-06   0.391E-06   0.440E-06   0.491E-06   0.545E-06
    7.000   0.229E-06   0.233E-06   0.245E-06   0.264E-06   0.291E-06   0.324E-06   0.363E-06   0.408E-06   0.457E-06   0.510E-06   0.563E-06
    7.100   0.242E-06   0.246E-06   0.258E-06   0.278E-06   0.305E-06   0.339E-06   0.380E-06   0.426E-06   0.476E-06   0.529E-06   0.583E-06
    7.200   0.255E-06   0.259E-06   0.272E-06   0.293E-06   0.321E-06   0.356E-06   0.397E-06   0.444E-06   0.495E-06   0.548E-06   0.602E-06
    7.300   0.269E-06   0.274E-06   0.287E-06   0.308E-06   0.337E-06   0.373E-06   0.416E-06   0.464E-06   0.515E-06   0.569E-06   0.623E-06
    7.400   0.284E-06   0.289E-06   0.302E-06   0.324E-06   0.354E-06   0.392E-06   0.435E-06   0.484E-06   0.536E-06   0.590E-06   0.644E-06
    7.500   0.300E-06   0.305E-06   0.319E-06   0.342E-06   0.373E-06   0.411E-06   0.456E-06   0.505E-06   0.558E-06   0.612E-06   0.665E-06
    7.600   0.317E-06   0.322E-06   0.337E-06   0.360E-06   0.392E-06   0.431E-06   0.477E-06   0.527E-06   0.580E-06   0.634E-06   0.687E-06
    7.700   0.336E-06   0.341E-06   0.355E-06   0.380E-06   0.413E-06   0.453E-06   0.499E-06   0.550E-06   0.604E-06   0.658E-06   0.710E-06
    7.800   0.355E-06   0.360E-06   0.375E-06   0.400E-06   0.434E-06   0.476E-06   0.523E-06   0.574E-06   0.628E-06   0.682E-06   0.733E-06
    7.900   0.375E-06   0.381E-06   0.397E-06   0.422E-06   0.457E-06   0.500E-06   0.548E-06   0.600E-06   0.654E-06   0.707E-06   0.757E-06
    8.000   0.397E-06   0.403E-06   0.419E-06   0.446E-06   0.482E-06   0.525E-06   0.574E-06   0.626E-06   0.680E-06   0.733E-06   0.782E-06
    8.100   0.421E-06   0.426E-06   0.443E-06   0.471E-06   0.507E-06   0.551E-06   0.601E-06   0.654E-06   0.707E-06   0.759E-06   0.807E-06
    8.200   0.446E-06   0.451E-06   0.469E-06   0.497E-06   0.535E-06   0.579E-06   0.630E-06   0.683E-06   0.736E-06   0.786E-06   0.833E-06
    8.300   0.472E-06   0.478E-06   0.496E-06   0.525E-06   0.563E-06   0.609E-06   0.660E-06   0.713E-06   0.765E-06   0.815E-06   0.859E-06
    8.400   0.501E-06   0.507E-06   0.525E-06   0.555E-06   0.594E-06   0.640E-06   0.691E-06   0.744E-06   0.795E-06   0.843E-06   0.886E-06
    8.500   0.531E-06   0.538E-06   0.556E-06   0.587E-06   0.626E-06   0.673E-06   0.724E-06   0.776E-06   0.827E-06   0.873E-06   0.913E-06
    8.600   0.564E-06   0.570E-06   0.590E-06   0.620E-06   0.661E-06   0.708E-06   0.759E-06   0.810E-06   0.859E-06   0.903E-06   0.941E-06
    8.700   0.598E-06   0.605E-06   0.625E-06   0.656E-06   0.697E-06   0.745E-06   0.795E-06   0.845E-06   0.893E-06   0.934E-06   0.969E-06
    8.800   0.636E-06   0.643E-06   0.663E-06   0.695E-06   0.736E-06   0.783E-06   0.833E-06   0.882E-06   0.927E-06   0.966E-06   0.997E-06
    8.900   0.676E-06   0.683E-06   0.703E-06   0.735E-06   0.776E-06   0.823E-06   0.872E-06   0.919E-06   0.962E-06   0.998E-06   0.103E-05
    9.000   0.718E-06   0.725E-06   0.746E-06   0.778E-06   0.819E-06   0.866E-06   0.913E-06   0.958E-06   0.998E-06   0.103E-05   0.105E-05
    9.100   0.764E-06   0.771E-06   0.792E-06   0.824E-06   0.865E-06   0.910E-06   0.956E-06   0.998E-06   0.103E-05   0.106E-05   0.108E-05
    9.200   0.813E-06   0.820E-06   0.840E-06   0.873E-06   0.913E-06   0.957E-06   0.100E-05   0.104E-05   0.107E-05   0.110E-05   0.111E-05
    9.300   0.865E-06   0.872E-06   0.892E-06   0.924E-06   0.963E-06   0.101E-05   0.105E-05   0.108E-05   0.111E-05   0.113E-05   0.114E-05
    9.400   0.920E-06   0.927E-06   0.947E-06   0.978E-06   0.102E-05   0.106E-05   0.109E-05   0.113E-05   0.115E-05   0.116E-05   0.117E-05
    9.500   0.979E-06   0.986E-06   0.101E-05   0.104E-05   0.107E-05   0.111E-05   0.114E-05   0.117E-05   0.119E-05   0.120E-05   0.120E-05
    9.600   0.104E-05   0.105E-05   0.107E-05   0.110E-05   0.113E-05   0.116E-05   0.119E-05   0.121E-05   0.123E-05   0.123E-05   0.123E-05
    9.700   0.111E-05   0.112E-05   0.113E-05   0.116E-05   0.119E-05   0.122E-05   0.124E-05   0.126E-05   0.127E-05   0.127E-05   0.126E-05
    9.800   0.118E-05   0.119E-05   0.120E-05   0.122E-05   0.125E-05   0.128E-05   0.129E-05   0.131E-05   0.131E-05   0.130E-05   0.129E-05
    9.900   0.125E-05   0.126E-05   0.127E-05   0.129E-05   0.132E-05   0.133E-05   0.135E-05   0.135E-05   0.135E-05   0.133E-05   0.131E-05
   10.000   0.133E-05   0.134E-05   0.135E-05   0.136E-05   0.138E-05   0.139E-05   0.140E-05   0.140E-05   0.139E-05   0.137E-05   0.134E-05
   10.100   0.141E-05   0.142E-05   0.142E-05   0.144E-05   0.145E-05   0.145E-05   0.145E-05   0.144E-05   0.143E-05   0.140E-05   0.137E-05
   10.200   0.150E-05   0.150E-05   0.150E-05   0.151E-05   0.152E-05   0.151E-05   0.151E-05   0.149E-05   0.146E-05   0.143E-05   0.140E-05
   10.300   0.158E-05   0.158E-05   0.158E-05   0.159E-05   0.158E-05   0.158E-05   0.156E-05   0.153E-05   0.150E-05   0.146E-05   0.142E-05
   10.400   0.167E-05   0.167E-05   0.167E-05   0.166E-05   0.165E-05   0.164E-05   0.161E-05   0.158E-05   0.154E-05   0.149E-05   0.145E-05
   10.500   0.176E-05   0.175E-05   0.175E-05   0.174E-05   0.172E-05   0.169E-05   0.166E-05   0.162E-05   0.158E-05   0.152E-05   0.147E-05
   10.600   0.184E-05   0.184E-05   0.183E-05   0.181E-05   0.179E-05   0.175E-05   0.171E-05   0.166E-05   0.161E-05   0.155E-05   0.149E-05
   10.700   0.193E-05   0.192E-05   0.191E-05   0.189E-05   0.185E-05   0.181E-05   0.176E-05   0.170E-05   0.164E-05   0.158E-05   0.152E-05
   10.800   0.201E-05   0.201E-05   0.199E-05   0.196E-05   0.191E-05   0.186E-05   0.181E-05   0.174E-05   0.168E-05   0.161E-05   0.154E-05
   10.900   0.209E-05   0.208E-05   0.206E-05   0.202E-05   0.197E-05   0.191E-05   0.185E-05   0.178E-05   0.171E-05   0.163E-05   0.156E-05
   11.000   0.217E-05   0.216E-05   0.213E-05   0.209E-05   0.203E-05   0.196E-05   0.189E-05   0.182E-05   0.174E-05   0.166E-05   0.158E-05
   11.100   0.223E-05   0.222E-05   0.219E-05   0.214E-05   0.208E-05   0.201E-05   0.193E-05   0.185E-05   0.177E-05   0.168E-05   0.160E-05
   11.200   0.230E-05   0.229E-05   0.225E-05   0.220E-05   0.213E-05   0.205E-05   0.197E-05   0.188E-05   0.180E-05   0.170E-05   0.161E-05
   11.300   0.235E-05   0.234E-05   0.230E-05   0.225E-05   0.218E-05   0.210E-05   0.201E-05   0.192E-05   0.182E-05   0.173E-05   0.163E-05
   11.400   0.240E-05   0.239E-05   0.235E-05   0.229E-05   0.222E-05   0.213E-05   0.204E-05   0.194E-05   0.185E-05   0.174E-05   0.164E-05
   11.500   0.245E-05   0.244E-05   0.240E-05   0.234E-05   0.226E-05   0.217E-05   0.207E-05   0.197E-05   0.187E-05   0.176E-05   0.166E-05
   11.600   0.249E-05   0.247E-05   0.243E-05   0.237E-05   0.229E-05   0.220E-05   0.210E-05   0.200E-05   0.189E-05   0.178E-05   0.167E-05
   11.700   0.252E-05   0.251E-05   0.247E-05   0.241E-05   0.233E-05   0.223E-05   0.213E-05   0.202E-05   0.191E-05   0.179E-05   0.168E-05
   11.800   0.255E-05   0.254E-05   0.250E-05   0.244E-05   0.236E-05   0.226E-05   0.216E-05   0.204E-05   0.193E-05   0.181E-05   0.169E-05
   11.900   0.258E-05   0.257E-05   0.253E-05   0.247E-05   0.238E-05   0.229E-05   0.218E-05   0.206E-05   0.194E-05   0.182E-05   0.170E-05
   12.000   0.261E-05   0.259E-05   0.256E-05   0.249E-05   0.241E-05   0.231E-05   0.220E-05   0.208E-05   0.195E-05   0.183E-05   0.170E-05
   12.100   0.263E-05   0.262E-05   0.258E-05   0.252E-05   0.244E-05   0.233E-05   0.222E-05   0.210E-05   0.197E-05   0.184E-05   0.171E-05
   12.200   0.266E-05   0.264E-05   0.260E-05   0.254E-05   0.246E-05   0.235E-05   0.224E-05   0.211E-05   0.198E-05   0.184E-05   0.171E-05
   12.300   0.268E-05   0.267E-05   0.263E-05   0.256E-05   0.248E-05   0.237E-05   0.225E-05   0.212E-05   0.198E-05   0.185E-05   0.171E-05
   12.400   0.270E-05   0.269E-05   0.265E-05   0.258E-05   0.250E-05   0.239E-05   0.226E-05   0.213E-05   0.199E-05   0.185E-05   0.171E-05
   12.500   0.272E-05   0.271E-05   0.267E-05   0.260E-05   0.251E-05   0.240E-05   0.227E-05   0.213E-05   0.199E-05   0.185E-05   0.171E-05
   12.600   0.274E-05   0.273E-05   0.269E-05   0.262E-05   0.252E-05   0.241E-05   0.228E-05   0.214E-05   0.199E-05   0.184E-05   0.170E-05
   12.700   0.276E-05   0.274E-05   0.270E-05   0.263E-05   0.253E-05   0.242E-05   0.228E-05   0.214E-05   0.199E-05   0.184E-05   0.170E-05
   12.800   0.277E-05   0.276E-05   0.271E-05   0.264E-05   0.254E-05   0.242E-05   0.228E-05   0.213E-05   0.198E-05   0.183E-05   0.169E-05
   12.900   0.278E-05   0.277E-05   0.272E-05   0.264E-05   0.254E-05   0.242E-05   0.228E-05   0.213E-05   0.197E-05   0.182E-05   0.168E-05
   13.000   0.279E-05   0.277E-05   0.272E-05   0.264E-05   0.254E-05   0.241E-05   0.227E-05   0.212E-05   0.196E-05   0.181E-05   0.167E-05
   13.100   0.279E-05   0.277E-05   0.272E-05   0.264E-05   0.253E-05   0.240E-05   0.226E-05   0.211E-05   0.195E-05   0.180E-05   0.165E-05
   13.200   0.278E-05   0.276E-05   0.271E-05   0.263E-05   0.252E-05   0.239E-05   0.224E-05   0.209E-05   0.194E-05   0.178E-05   0.164E-05
   13.300   0.277E-05   0.275E-05   0.269E-05   0.261E-05   0.250E-05   0.237E-05   0.222E-05   0.207E-05   0.192E-05   0.177E-05   0.162E-05
   13.400   0.274E-05   0.273E-05   0.267E-05   0.259E-05   0.248E-05   0.234E-05   0.220E-05   0.205E-05   0.190E-05   0.175E-05   0.161E-05
   13.500   0.271E-05   0.270E-05   0.264E-05   0.256E-05   0.245E-05   0.232E-05   0.217E-05   0.202E-05   0.187E-05   0.173E-05   0.159E-05
   13.600   0.268E-05   0.266E-05   0.261E-05   0.252E-05   0.241E-05   0.228E-05   0.214E-05   0.200E-05   0.185E-05   0.171E-05   0.157E-05
   13.700   0.263E-05   0.261E-05   0.256E-05   0.248E-05   0.237E-05   0.225E-05   0.211E-05   0.197E-05   0.182E-05   0.168E-05   0.155E-05
   13.800   0.258E-05   0.256E-05   0.251E-05   0.243E-05   0.233E-05   0.221E-05   0.207E-05   0.193E-05   0.179E-05   0.166E-05   0.153E-05
   13.900   0.252E-05   0.251E-05   0.246E-05   0.238E-05   0.228E-05   0.216E-05   0.203E-05   0.190E-05   0.176E-05   0.163E-05   0.150E-05
   14.000   0.246E-05   0.244E-05   0.240E-05   0.232E-05   0.223E-05   0.212E-05   0.199E-05   0.186E-05   0.173E-05   0.160E-05   0.148E-05
   14.100   0.239E-05   0.238E-05   0.233E-05   0.226E-05   0.217E-05   0.207E-05   0.195E-05   0.182E-05   0.170E-05   0.157E-05   0.145E-05
   14.200   0.232E-05   0.231E-05   0.227E-05   0.220E-05   0.212E-05   0.202E-05   0.190E-05   0.179E-05   0.166E-05   0.155E-05   0.143E-05
   14.300   0.225E-05   0.224E-05   0.220E-05   0.214E-05   0.206E-05   0.196E-05   0.186E-05   0.174E-05   0.163E-05   0.152E-05   0.140E-05
   14.400   0.218E-05   0.216E-05   0.213E-05   0.207E-05   0.200E-05   0.191E-05   0.181E-05   0.170E-05   0.159E-05   0.149E-05   0.138E-05
   14.500   0.210E-05   0.209E-05   0.206E-05   0.201E-05   0.194E-05   0.186E-05   0.176E-05   0.166E-05   0.156E-05   0.145E-05   0.135E-05
   14.600   0.203E-05   0.202E-05   0.199E-05   0.194E-05   0.188E-05   0.180E-05   0.171E-05   0.162E-05   0.152E-05   0.142E-05   0.133E-05
   14.700   0.195E-05   0.194E-05   0.192E-05   0.187E-05   0.182E-05   0.175E-05   0.167E-05   0.158E-05   0.149E-05   0.139E-05   0.130E-05
   14.800   0.188E-05   0.187E-05   0.185E-05   0.181E-05   0.176E-05   0.169E-05   0.162E-05   0.154E-05   0.145E-05   0.136E-05   0.127E-05
   14.900   0.181E-05   0.180E-05   0.178E-05   0.174E-05   0.170E-05   0.164E-05   0.157E-05   0.150E-05   0.141E-05   0.133E-05   0.125E-05
   15.000   0.174E-05   0.173E-05   0.171E-05   0.168E-05   0.164E-05   0.159E-05   0.152E-05   0.145E-05   0.138E-05   0.130E-05   0.122E-05
   15.100   0.167E-05   0.166E-05   0.165E-05   0.162E-05   0.158E-05   0.154E-05   0.148E-05   0.141E-05   0.134E-05   0.127E-05   0.119E-05
   15.200   0.160E-05   0.160E-05   0.158E-05   0.156E-05   0.153E-05   0.148E-05   0.143E-05   0.137E-05   0.131E-05   0.124E-05   0.117E-05
   15.300   0.154E-05   0.154E-05   0.152E-05   0.150E-05   0.147E-05   0.144E-05   0.139E-05   0.133E-05   0.127E-05   0.121E-05   0.114E-05
   15.400   0.148E-05   0.148E-05   0.147E-05   0.145E-05   0.142E-05   0.139E-05   0.135E-05   0.130E-05   0.124E-05   0.118E-05   0.112E-05
   15.500   0.142E-05   0.142E-05   0.141E-05   0.139E-05   0.137E-05   0.134E-05   0.130E-05   0.126E-05   0.121E-05   0.115E-05   0.109E-05
   15.600   0.136E-05   0.136E-05   0.136E-05   0.134E-05   0.132E-05   0.130E-05   0.126E-05   0.122E-05   0.118E-05   0.112E-05   0.107E-05
   15.700   0.131E-05   0.131E-05   0.130E-05   0.129E-05   0.128E-05   0.125E-05   0.122E-05   0.119E-05   0.114E-05   0.110E-05   0.104E-05
   15.800   0.126E-05   0.126E-05   0.125E-05   0.125E-05   0.123E-05   0.121E-05   0.119E-05   0.115E-05   0.111E-05   0.107E-05   0.102E-05
   15.900   0.121E-05   0.121E-05   0.121E-05   0.120E-05   0.119E-05   0.117E-05   0.115E-05   0.112E-05   0.108E-05   0.104E-05   0.996E-06
   16.000   0.117E-05   0.117E-05   0.116E-05   0.116E-05   0.115E-05   0.113E-05   0.111E-05   0.109E-05   0.105E-05   0.102E-05   0.973E-06
   16.100   0.112E-05   0.112E-05   0.112E-05   0.112E-05   0.111E-05   0.110E-05   0.108E-05   0.106E-05   0.103E-05   0.990E-06   0.951E-06
   16.200   0.108E-05   0.108E-05   0.108E-05   0.108E-05   0.107E-05   0.106E-05   0.105E-05   0.102E-05   0.998E-06   0.966E-06   0.929E-06
   16.300   0.104E-05   0.104E-05   0.104E-05   0.104E-05   0.103E-05   0.103E-05   0.101E-05   0.995E-06   0.971E-06   0.942E-06   0.907E-06
   16.400   0.100E-05   0.100E-05   0.100E-05   0.100E-05   0.999E-06   0.993E-06   0.982E-06   0.967E-06   0.945E-06   0.918E-06   0.886E-06
   16.500   0.967E-06   0.967E-06   0.968E-06   0.968E-06   0.966E-06   0.961E-06   0.953E-06   0.939E-06   0.920E-06   0.895E-06   0.866E-06
   16.600   0.932E-06   0.933E-06   0.934E-06   0.935E-06   0.934E-06   0.931E-06   0.924E-06   0.912E-06   0.895E-06   0.873E-06   0.846E-06
   16.700   0.900E-06   0.900E-06   0.902E-06   0.903E-06   0.904E-06   0.902E-06   0.897E-06   0.887E-06   0.872E-06   0.852E-06   0.827E-06
   16.800   0.869E-06   0.870E-06   0.871E-06   0.874E-06   0.875E-06   0.874E-06   0.870E-06   0.862E-06   0.849E-06   0.831E-06   0.808E-06
   16.900   0.840E-06   0.840E-06   0.842E-06   0.845E-06   0.847E-06   0.847E-06   0.845E-06   0.838E-06   0.827E-06   0.810E-06   0.789E-06
   17.000   0.811E-06   0.812E-06   0.815E-06   0.818E-06   0.821E-06   0.822E-06   0.820E-06   0.815E-06   0.805E-06   0.791E-06   0.771E-06
   17.100   0.785E-06   0.786E-06   0.788E-06   0.792E-06   0.795E-06   0.797E-06   0.797E-06   0.793E-06   0.785E-06   0.772E-06   0.754E-06
   17.200   0.759E-06   0.760E-06   0.763E-06   0.767E-06   0.771E-06   0.774E-06   0.774E-06   0.771E-06   0.765E-06   0.753E-06   0.737E-06
   17.300   0.735E-06   0.736E-06   0.739E-06   0.743E-06   0.748E-06   0.751E-06   0.753E-06   0.751E-06   0.745E-06   0.735E-06   0.721E-06
   17.400   0.712E-06   0.713E-06   0.716E-06   0.720E-06   0.725E-06   0.729E-06   0.732E-06   0.731E-06   0.726E-06   0.718E-06   0.704E-06
   17.500   0.690E-06   0.691E-06   0.694E-06   0.699E-06   0.704E-06   0.709E-06   0.712E-06   0.712E-06   0.708E-06   0.701E-06   0.689E-06
   17.600   0.669E-06   0.670E-06   0.673E-06   0.678E-06   0.684E-06   0.689E-06   0.692E-06   0.693E-06   0.691E-06   0.684E-06   0.674E-06
   17.700   0.649E-06   0.650E-06   0.653E-06   0.658E-06   0.664E-06   0.669E-06   0.674E-06   0.675E-06   0.674E-06   0.668E-06   0.659E-06
   17.800   0.630E-06   0.631E-06   0.634E-06   0.639E-06   0.645E-06   0.651E-06   0.656E-06   0.658E-06   0.657E-06   0.653E-06   0.645E-06
   17.900   0.611E-06   0.612E-06   0.616E-06   0.621E-06   0.627E-06   0.633E-06   0.638E-06   0.641E-06   0.641E-06   0.638E-06   0.631E-06
   18.000   0.594E-06   0.595E-06   0.598E-06   0.604E-06   0.610E-06   0.616E-06   0.622E-06   0.625E-06   0.626E-06   0.623E-06   0.617E-06
   18.100   0.577E-06   0.578E-06   0.582E-06   0.587E-06   0.593E-06   0.600E-06   0.606E-06   0.610E-06   0.611E-06   0.609E-06   0.604E-06
   18.200   0.561E-06   0.562E-06   0.565E-06   0.571E-06   0.577E-06   0.584E-06   0.590E-06   0.595E-06   0.597E-06   0.596E-06   0.591E-06
   18.300   0.545E-06   0.547E-06   0.550E-06   0.556E-06   0.562E-06   0.569E-06   0.576E-06   0.581E-06   0.583E-06   0.583E-06   0.579E-06
   18.400   0.530E-06   0.532E-06   0.535E-06   0.541E-06   0.548E-06   0.555E-06   0.561E-06   0.567E-06   0.570E-06   0.570E-06   0.566E-06
   18.500   0.516E-06   0.518E-06   0.521E-06   0.527E-06   0.533E-06   0.541E-06   0.548E-06   0.553E-06   0.557E-06   0.557E-06   0.555E-06
   18.600   0.503E-06   0.504E-06   0.508E-06   0.513E-06   0.520E-06   0.527E-06   0.534E-06   0.540E-06   0.544E-06   0.545E-06   0.543E-06
   18.700   0.490E-06   0.491E-06   0.494E-06   0.500E-06   0.507E-06   0.514E-06   0.521E-06   0.528E-06   0.532E-06   0.533E-06   0.532E-06
   18.800   0.477E-06   0.478E-06   0.482E-06   0.487E-06   0.494E-06   0.502E-06   0.509E-06   0.515E-06   0.520E-06   0.522E-06   0.521E-06
   18.900   0.465E-06   0.466E-06   0.470E-06   0.475E-06   0.482E-06   0.490E-06   0.497E-06   0.504E-06   0.509E-06   0.511E-06   0.511E-06
   19.000   0.454E-06   0.455E-06   0.458E-06   0.464E-06   0.471E-06   0.478E-06   0.486E-06   0.492E-06   0.498E-06   0.500E-06   0.501E-06
   19.100   0.442E-06   0.444E-06   0.447E-06   0.452E-06   0.459E-06   0.467E-06   0.475E-06   0.481E-06   0.487E-06   0.490E-06   0.491E-06
   19.200   0.432E-06   0.433E-06   0.436E-06   0.442E-06   0.448E-06   0.456E-06   0.464E-06   0.471E-06   0.476E-06   0.480E-06   0.481E-06
   19.300   0.421E-06   0.423E-06   0.426E-06   0.431E-06   0.438E-06   0.446E-06   0.453E-06   0.461E-06   0.466E-06   0.470E-06   0.472E-06
   19.400   0.412E-06   0.413E-06   0.416E-06   0.421E-06   0.428E-06   0.436E-06   0.443E-06   0.451E-06   0.457E-06   0.461E-06   0.462E-06
   19.500   0.402E-06   0.403E-06   0.406E-06   0.412E-06   0.418E-06   0.426E-06   0.434E-06   0.441E-06   0.447E-06   0.451E-06   0.454E-06
   19.600   0.393E-06   0.394E-06   0.397E-06   0.402E-06   0.409E-06   0.416E-06   0.424E-06   0.432E-06   0.438E-06   0.443E-06   0.445E-06
   19.700   0.384E-06   0.385E-06   0.388E-06   0.393E-06   0.400E-06   0.407E-06   0.415E-06   0.423E-06   0.429E-06   0.434E-06   0.437E-06
   19.800   0.375E-06   0.376E-06   0.380E-06   0.385E-06   0.391E-06   0.399E-06   0.406E-06   0.414E-06   0.420E-06   0.425E-06   0.428E-06
   19.900   0.367E-06   0.368E-06   0.371E-06   0.376E-06   0.383E-06   0.390E-06   0.398E-06   0.405E-06   0.412E-06   0.417E-06   0.420E-06
   20.000   0.359E-06   0.360E-06   0.363E-06   0.368E-06   0.375E-06   0.382E-06   0.390E-06   0.397E-06   0.404E-06   0.409E-06   0.413E-06
   20.100   0.351E-06   0.352E-06   0.355E-06   0.360E-06   0.367E-06   0.374E-06   0.382E-06   0.389E-06   0.396E-06   0.401E-06   0.405E-06
   20.200   0.344E-06   0.345E-06   0.348E-06   0.353E-06   0.359E-06   0.366E-06   0.374E-06   0.381E-06   0.388E-06   0.394E-06   0.398E-06
   20.300   0.337E-06   0.338E-06   0.341E-06   0.345E-06   0.352E-06   0.359E-06   0.366E-06   0.374E-06   0.381E-06   0.386E-06   0.390E-06
   20.400   0.330E-06   0.331E-06   0.334E-06   0.338E-06   0.344E-06   0.351E-06   0.359E-06   0.367E-06   0.374E-06   0.379E-06   0.384E-06
   20.500   0.323E-06   0.324E-06   0.327E-06   0.331E-06   0.337E-06   0.344E-06   0.352E-06   0.360E-06   0.367E-06   0.372E-06   0.377E-06
   20.600   0.316E-06   0.317E-06   0.320E-06   0.325E-06   0.331E-06   0.338E-06   0.345E-06   0.353E-06   0.360E-06   0.366E-06   0.370E-06
   20.700   0.310E-06   0.311E-06   0.314E-06   0.318E-06   0.324E-06   0.331E-06   0.339E-06   0.346E-06   0.353E-06   0.359E-06   0.364E-06
   20.800   0.304E-06   0.305E-06   0.308E-06   0.312E-06   0.318E-06   0.325E-06   0.332E-06   0.340E-06   0.347E-06   0.353E-06   0.357E-06
   20.900   0.298E-06   0.299E-06   0.302E-06   0.306E-06   0.312E-06   0.319E-06   0.326E-06   0.333E-06   0.340E-06   0.346E-06   0.351E-06
   21.000   0.292E-06   0.293E-06   0.296E-06   0.300E-06   0.306E-06   0.313E-06   0.320E-06   0.327E-06   0.334E-06   0.340E-06   0.345E-06
   21.100   0.287E-06   0.288E-06   0.290E-06   0.294E-06   0.300E-06   0.307E-06   0.314E-06   0.321E-06   0.328E-06   0.334E-06   0.339E-06
   21.200   0.281E-06   0.282E-06   0.285E-06   0.289E-06   0.294E-06   0.301E-06   0.308E-06   0.315E-06   0.322E-06   0.329E-06   0.334E-06
   21.300   0.276E-06   0.277E-06   0.279E-06   0.284E-06   0.289E-06   0.295E-06   0.303E-06   0.310E-06   0.317E-06   0.323E-06   0.328E-06
   21.400   0.271E-06   0.272E-06   0.274E-06   0.278E-06   0.284E-06   0.290E-06   0.297E-06   0.304E-06   0.311E-06   0.317E-06   0.323E-06
   21.500   0.266E-06   0.267E-06   0.269E-06   0.273E-06   0.279E-06   0.285E-06   0.292E-06   0.299E-06   0.306E-06   0.312E-06   0.317E-06
   21.600   0.261E-06   0.262E-06   0.265E-06   0.268E-06   0.274E-06   0.280E-06   0.287E-06   0.294E-06   0.301E-06   0.307E-06   0.312E-06
   21.700   0.257E-06   0.257E-06   0.260E-06   0.264E-06   0.269E-06   0.275E-06   0.282E-06   0.289E-06   0.296E-06   0.302E-06   0.307E-06
   21.800   0.252E-06   0.253E-06   0.255E-06   0.259E-06   0.264E-06   0.270E-06   0.277E-06   0.284E-06   0.291E-06   0.297E-06   0.302E-06
   21.900   0.248E-06   0.248E-06   0.251E-06   0.255E-06   0.260E-06   0.265E-06   0.272E-06   0.279E-06   0.286E-06   0.292E-06   0.297E-06
   22.000   0.243E-06   0.244E-06   0.246E-06   0.250E-06   0.255E-06   0.261E-06   0.268E-06   0.274E-06   0.281E-06   0.287E-06   0.293E-06
   22.100   0.239E-06   0.240E-06   0.242E-06   0.246E-06   0.251E-06   0.257E-06   0.263E-06   0.270E-06   0.276E-06   0.283E-06   0.288E-06
   22.200   0.235E-06   0.236E-06   0.238E-06   0.242E-06   0.247E-06   0.252E-06   0.259E-06   0.265E-06   0.272E-06   0.278E-06   0.284E-06
   22.300   0.231E-06   0.232E-06   0.234E-06   0.238E-06   0.242E-06   0.248E-06   0.254E-06   0.261E-06   0.268E-06   0.274E-06   0.279E-06
   22.400   0.227E-06   0.228E-06   0.230E-06   0.234E-06   0.238E-06   0.244E-06   0.250E-06   0.257E-06   0.263E-06   0.270E-06   0.275E-06
   22.500   0.224E-06   0.224E-06   0.226E-06   0.230E-06   0.235E-06   0.240E-06   0.246E-06   0.253E-06   0.259E-06   0.265E-06   0.271E-06
   22.600   0.220E-06   0.221E-06   0.223E-06   0.226E-06   0.231E-06   0.236E-06   0.242E-06   0.249E-06   0.255E-06   0.261E-06   0.267E-06
   22.700   0.216E-06   0.217E-06   0.219E-06   0.223E-06   0.227E-06   0.232E-06   0.238E-06   0.245E-06   0.251E-06   0.257E-06   0.263E-06
   22.800   0.213E-06   0.214E-06   0.216E-06   0.219E-06   0.223E-06   0.229E-06   0.235E-06   0.241E-06   0.247E-06   0.253E-06   0.259E-06
   22.900   0.210E-06   0.210E-06   0.212E-06   0.216E-06   0.220E-06   0.225E-06   0.231E-06   0.237E-06   0.244E-06   0.250E-06   0.255E-06
   23.000   0.206E-06   0.207E-06   0.209E-06   0.212E-06   0.216E-06   0.222E-06   0.227E-06   0.234E-06   0.240E-06   0.246E-06   0.251E-06
   23.100   0.203E-06   0.204E-06   0.206E-06   0.209E-06   0.213E-06   0.218E-06   0.224E-06   0.230E-06   0.236E-06   0.242E-06   0.248E-06
   23.200   0.200E-06   0.201E-06   0.203E-06   0.206E-06   0.210E-06   0.215E-06   0.221E-06   0.227E-06   0.233E-06   0.239E-06   0.244E-06
   23.300   0.197E-06   0.198E-06   0.200E-06   0.203E-06   0.207E-06   0.212E-06   0.217E-06   0.223E-06   0.229E-06   0.235E-06   0.241E-06
   23.400   0.194E-06   0.195E-06   0.197E-06   0.200E-06   0.204E-06   0.208E-06   0.214E-06   0.220E-06   0.226E-06   0.232E-06   0.237E-06
   23.500   0.191E-06   0.192E-06   0.194E-06   0.197E-06   0.201E-06   0.205E-06   0.211E-06   0.217E-06   0.223E-06   0.228E-06   0.234E-06
   23.600   0.188E-06   0.189E-06   0.191E-06   0.194E-06   0.198E-06   0.202E-06   0.208E-06   0.213E-06   0.219E-06   0.225E-06   0.231E-06
   23.700   0.186E-06   0.186E-06   0.188E-06   0.191E-06   0.195E-06   0.199E-06   0.205E-06   0.210E-06   0.216E-06   0.222E-06   0.227E-06
   23.800   0.183E-06   0.183E-06   0.185E-06   0.188E-06   0.192E-06   0.196E-06   0.202E-06   0.207E-06   0.213E-06   0.219E-06   0.224E-06
   23.900   0.180E-06   0.181E-06   0.183E-06   0.185E-06   0.189E-06   0.194E-06   0.199E-06   0.204E-06   0.210E-06   0.216E-06   0.221E-06
   24.000   0.178E-06   0.178E-06   0.180E-06   0.183E-06   0.186E-06   0.191E-06   0.196E-06   0.202E-06   0.207E-06   0.213E-06   0.218E-06
   24.100   0.175E-06   0.176E-06   0.177E-06   0.180E-06   0.184E-06   0.188E-06   0.193E-06   0.199E-06   0.204E-06   0.210E-06   0.215E-06
   24.200   0.173E-06   0.173E-06   0.175E-06   0.178E-06   0.181E-06   0.186E-06   0.191E-06   0.196E-06   0.202E-06   0.207E-06   0.212E-06
   24.300   0.170E-06   0.171E-06   0.172E-06   0.175E-06   0.179E-06   0.183E-06   0.188E-06   0.193E-06   0.199E-06   0.204E-06   0.209E-06
   24.400   0.168E-06   0.168E-06   0.170E-06   0.173E-06   0.176E-06   0.180E-06   0.185E-06   0.191E-06   0.196E-06   0.201E-06   0.207E-06
   24.500   0.166E-06   0.166E-06   0.168E-06   0.170E-06   0.174E-06   0.178E-06   0.183E-06   0.188E-06   0.193E-06   0.199E-06   0.204E-06
   24.600   0.163E-06   0.164E-06   0.165E-06   0.168E-06   0.171E-06   0.176E-06   0.180E-06   0.185E-06   0.191E-06   0.196E-06   0.201E-06
   24.700   0.161E-06   0.162E-06   0.163E-06   0.166E-06   0.169E-06   0.173E-06   0.178E-06   0.183E-06   0.188E-06   0.194E-06   0.199E-06
   24.800   0.159E-06   0.160E-06   0.161E-06   0.163E-06   0.167E-06   0.171E-06   0.175E-06   0.181E-06   0.186E-06   0.191E-06   0.196E-06
   24.900   0.157E-06   0.157E-06   0.159E-06   0.161E-06   0.165E-06   0.169E-06   0.173E-06   0.178E-06   0.183E-06   0.189E-06   0.194E-06
   25.000   0.155E-06   0.155E-06   0.157E-06   0.159E-06   0.162E-06   0.166E-06   0.171E-06   0.176E-06   0.181E-06   0.186E-06   0.191E-06
   25.100   0.153E-06   0.153E-06   0.155E-06   0.157E-06   0.160E-06   0.164E-06   0.169E-06   0.174E-06   0.179E-06   0.184E-06   0.189E-06
   25.200   0.151E-06   0.151E-06   0.153E-06   0.155E-06   0.158E-06   0.162E-06   0.166E-06   0.171E-06   0.176E-06   0.181E-06   0.186E-06
   25.300   0.149E-06   0.149E-06   0.151E-06   0.153E-06   0.156E-06   0.160E-06   0.164E-06   0.169E-06   0.174E-06   0.179E-06   0.184E-06
   25.400   0.147E-06   0.147E-06   0.149E-06   0.151E-06   0.154E-06   0.158E-06   0.162E-06   0.167E-06   0.172E-06   0.177E-06   0.182E-06
   25.500   0.145E-06   0.146E-06   0.147E-06   0.149E-06   0.152E-06   0.156E-06   0.160E-06   0.165E-06   0.170E-06   0.175E-06   0.179E-06
   25.600   0.143E-06   0.144E-06   0.145E-06   0.147E-06   0.150E-06   0.154E-06   0.158E-06   0.163E-06   0.168E-06   0.172E-06   0.177E-06
   25.700   0.142E-06   0.142E-06   0.143E-06   0.145E-06   0.148E-06   0.152E-06   0.156E-06   0.161E-06   0.166E-06   0.170E-06   0.175E-06
   25.800   0.140E-06   0.140E-06   0.142E-06   0.144E-06   0.147E-06   0.150E-06   0.154E-06   0.159E-06   0.163E-06   0.168E-06   0.173E-06
   25.900   0.138E-06   0.139E-06   0.140E-06   0.142E-06   0.145E-06   0.148E-06   0.152E-06   0.157E-06   0.161E-06   0.166E-06   0.171E-06
   26.000   0.136E-06   0.137E-06   0.138E-06   0.140E-06   0.143E-06   0.146E-06   0.150E-06   0.155E-06   0.159E-06   0.164E-06   0.169E-06
   26.100   0.135E-06   0.135E-06   0.136E-06   0.138E-06   0.141E-06   0.145E-06   0.149E-06   0.153E-06   0.158E-06   0.162E-06   0.167E-06
   26.200   0.133E-06   0.134E-06   0.135E-06   0.137E-06   0.140E-06   0.143E-06   0.147E-06   0.151E-06   0.156E-06   0.160E-06   0.165E-06
   26.300   0.132E-06   0.132E-06   0.133E-06   0.135E-06   0.138E-06   0.141E-06   0.145E-06   0.149E-06   0.154E-06   0.158E-06   0.163E-06
   26.400   0.130E-06   0.130E-06   0.132E-06   0.134E-06   0.136E-06   0.140E-06   0.143E-06   0.148E-06   0.152E-06   0.157E-06   0.161E-06
   26.500   0.128E-06   0.129E-06   0.130E-06   0.132E-06   0.135E-06   0.138E-06   0.142E-06   0.146E-06   0.150E-06   0.155E-06   0.159E-06
   26.600   0.127E-06   0.127E-06   0.129E-06   0.130E-06   0.133E-06   0.136E-06   0.140E-06   0.144E-06   0.148E-06   0.153E-06   0.157E-06
   26.700   0.126E-06   0.126E-06   0.127E-06   0.129E-06   0.132E-06   0.135E-06   0.138E-06   0.142E-06   0.147E-06   0.151E-06   0.155E-06
   26.800   0.124E-06   0.124E-06   0.126E-06   0.127E-06   0.130E-06   0.133E-06   0.137E-06   0.141E-06   0.145E-06   0.149E-06   0.154E-06
   26.900   0.123E-06   0.123E-06   0.124E-06   0.126E-06   0.129E-06   0.132E-06   0.135E-06   0.139E-06   0.143E-06   0.148E-06   0.152E-06
   27.000   0.121E-06   0.122E-06   0.123E-06   0.125E-06   0.127E-06   0.130E-06   0.134E-06   0.138E-06   0.142E-06   0.146E-06   0.150E-06
   27.100   0.120E-06   0.120E-06   0.121E-06   0.123E-06   0.126E-06   0.129E-06   0.132E-06   0.136E-06   0.140E-06   0.144E-06   0.149E-06
   27.200   0.119E-06   0.119E-06   0.120E-06   0.122E-06   0.124E-06   0.127E-06   0.131E-06   0.134E-06   0.139E-06   0.143E-06   0.147E-06
   27.300   0.117E-06   0.118E-06   0.119E-06   0.120E-06   0.123E-06   0.126E-06   0.129E-06   0.133E-06   0.137E-06   0.141E-06   0.145E-06
   27.400   0.116E-06   0.116E-06   0.117E-06   0.119E-06   0.121E-06   0.124E-06   0.128E-06   0.131E-06   0.135E-06   0.140E-06   0.144E-06
   27.500   0.115E-06   0.115E-06   0.116E-06   0.118E-06   0.120E-06   0.123E-06   0.126E-06   0.130E-06   0.134E-06   0.138E-06   0.142E-06
   27.600   0.113E-06   0.114E-06   0.115E-06   0.116E-06   0.119E-06   0.122E-06   0.125E-06   0.129E-06   0.133E-06   0.137E-06   0.141E-06
   27.700   0.112E-06   0.113E-06   0.114E-06   0.115E-06   0.118E-06   0.120E-06   0.124E-06   0.127E-06   0.131E-06   0.135E-06   0.139E-06
   27.800   0.111E-06   0.111E-06   0.112E-06   0.114E-06   0.116E-06   0.119E-06   0.122E-06   0.126E-06   0.130E-06   0.134E-06   0.138E-06
   27.900   0.110E-06   0.110E-06   0.111E-06   0.113E-06   0.115E-06   0.118E-06   0.121E-06   0.124E-06   0.128E-06   0.132E-06   0.136E-06
   28.000   0.109E-06   0.109E-06   0.110E-06   0.112E-06   0.114E-06   0.116E-06   0.120E-06   0.123E-06   0.127E-06   0.131E-06   0.135E-06
   28.100   0.108E-06   0.108E-06   0.109E-06   0.110E-06   0.113E-06   0.115E-06   0.118E-06   0.122E-06   0.126E-06   0.129E-06   0.133E-06
   28.200   0.106E-06   0.107E-06   0.108E-06   0.109E-06   0.111E-06   0.114E-06   0.117E-06   0.121E-06   0.124E-06   0.128E-06   0.132E-06
   28.300   0.105E-06   0.106E-06   0.107E-06   0.108E-06   0.110E-06   0.113E-06   0.116E-06   0.119E-06   0.123E-06   0.127E-06   0.130E-06
   28.400   0.104E-06   0.105E-06   0.105E-06   0.107E-06   0.109E-06   0.112E-06   0.115E-06   0.118E-06   0.122E-06   0.125E-06   0.129E-06
   28.500   0.103E-06   0.103E-06   0.104E-06   0.106E-06   0.108E-06   0.110E-06   0.113E-06   0.117E-06   0.120E-06   0.124E-06   0.128E-06
   28.600   0.102E-06   0.102E-06   0.103E-06   0.105E-06   0.107E-06   0.109E-06   0.112E-06   0.116E-06   0.119E-06   0.123E-06   0.126E-06
   28.700   0.101E-06   0.101E-06   0.102E-06   0.104E-06   0.106E-06   0.108E-06   0.111E-06   0.114E-06   0.118E-06   0.121E-06   0.125E-06
   28.800   0.100E-06   0.100E-06   0.101E-06   0.103E-06   0.105E-06   0.107E-06   0.110E-06   0.113E-06   0.117E-06   0.120E-06   0.124E-06
   28.900   0.990E-07   0.993E-07   0.100E-06   0.102E-06   0.104E-06   0.106E-06   0.109E-06   0.112E-06   0.115E-06   0.119E-06   0.123E-06
   29.000   0.980E-07   0.983E-07   0.992E-07   0.101E-06   0.103E-06   0.105E-06   0.108E-06   0.111E-06   0.114E-06   0.118E-06   0.121E-06
   29.100   0.971E-07   0.973E-07   0.982E-07   0.996E-07   0.102E-06   0.104E-06   0.107E-06   0.110E-06   0.113E-06   0.117E-06   0.120E-06
   29.200   0.961E-07   0.964E-07   0.972E-07   0.986E-07   0.101E-06   0.103E-06   0.106E-06   0.109E-06   0.112E-06   0.115E-06   0.119E-06
   29.300   0.952E-07   0.954E-07   0.963E-07   0.976E-07   0.995E-07   0.102E-06   0.105E-06   0.108E-06   0.111E-06   0.114E-06   0.118E-06
   29.400   0.942E-07   0.945E-07   0.953E-07   0.967E-07   0.985E-07   0.101E-06   0.104E-06   0.107E-06   0.110E-06   0.113E-06   0.117E-06
   29.500   0.933E-07   0.936E-07   0.944E-07   0.957E-07   0.976E-07   0.999E-07   0.103E-06   0.105E-06   0.109E-06   0.112E-06   0.115E-06
   29.600   0.924E-07   0.927E-07   0.935E-07   0.948E-07   0.966E-07   0.989E-07   0.102E-06   0.104E-06   0.108E-06   0.111E-06   0.114E-06
   29.700   0.915E-07   0.918E-07   0.926E-07   0.939E-07   0.957E-07   0.979E-07   0.101E-06   0.103E-06   0.107E-06   0.110E-06   0.113E-06
   29.800   0.907E-07   0.909E-07   0.917E-07   0.930E-07   0.948E-07   0.970E-07   0.996E-07   0.102E-06   0.106E-06   0.109E-06   0.112E-06
   29.900   0.898E-07   0.901E-07   0.909E-07   0.921E-07   0.939E-07   0.961E-07   0.986E-07   0.101E-06   0.105E-06   0.108E-06   0.111E-06
   30.000   0.890E-07   0.892E-07   0.900E-07   0.913E-07   0.930E-07   0.951E-07   0.977E-07   0.100E-06   0.104E-06   0.107E-06   0.110E-06
