# fe1_the_014_028_photoabs_h_SMLO.dat                    
#
# Z = 14, A = 28
#
# Parameters:  Er1 = 19.880,  Wr1 =  2.910,  S1 =   0.418,  Er2 = 21.840,  Wr2 =  3.390,  S2 =   0.464,  beta= -0.583
# No. of entries:  300
# Col 1: photon energy E in MeV
# Col 2-11: E1 photoabsorption PSF (fe1 in MeV^-3) for nucleus at the temperatures T=0-2 MeV
# Format: f9.3, 11e12.3
# Authors:  V.A.Plujko, O.M. Gorbachenko, K.M. Solodovnyk (TSNU)
#   E         T=0.0       T=0.2       T=0.4       T=0.6       T=0.8       T=1.0       T=1.2       T=1.4       T=1.6       T=1.8       T=2.0
    0.100   0.164E-12   0.736E-12   0.301E-11   0.841E-11   0.185E-10   0.346E-10   0.585E-10   0.914E-10   0.135E-09   0.191E-09   0.260E-09
    0.200   0.657E-12   0.144E-11   0.422E-11   0.103E-10   0.211E-10   0.382E-10   0.630E-10   0.972E-10   0.142E-09   0.199E-09   0.270E-09
    0.300   0.148E-11   0.239E-11   0.565E-11   0.124E-10   0.240E-10   0.420E-10   0.679E-10   0.103E-09   0.149E-09   0.208E-09   0.280E-09
    0.400   0.263E-11   0.362E-11   0.733E-11   0.147E-10   0.271E-10   0.460E-10   0.730E-10   0.109E-09   0.157E-09   0.217E-09   0.291E-09
    0.500   0.411E-11   0.516E-11   0.928E-11   0.173E-10   0.304E-10   0.503E-10   0.783E-10   0.116E-09   0.165E-09   0.226E-09   0.302E-09
    0.600   0.592E-11   0.703E-11   0.115E-10   0.201E-10   0.341E-10   0.548E-10   0.839E-10   0.123E-09   0.173E-09   0.236E-09   0.313E-09
    0.700   0.807E-11   0.923E-11   0.140E-10   0.232E-10   0.379E-10   0.597E-10   0.898E-10   0.130E-09   0.181E-09   0.246E-09   0.325E-09
    0.800   0.105E-10   0.118E-10   0.168E-10   0.266E-10   0.421E-10   0.648E-10   0.960E-10   0.137E-09   0.190E-09   0.256E-09   0.337E-09
    0.900   0.134E-10   0.147E-10   0.200E-10   0.303E-10   0.466E-10   0.702E-10   0.103E-09   0.145E-09   0.199E-09   0.267E-09   0.349E-09
    1.000   0.165E-10   0.179E-10   0.235E-10   0.343E-10   0.514E-10   0.759E-10   0.109E-09   0.153E-09   0.209E-09   0.278E-09   0.362E-09
    1.100   0.200E-10   0.215E-10   0.273E-10   0.386E-10   0.564E-10   0.819E-10   0.116E-09   0.161E-09   0.219E-09   0.289E-09   0.375E-09
    1.200   0.238E-10   0.254E-10   0.314E-10   0.433E-10   0.618E-10   0.882E-10   0.124E-09   0.170E-09   0.229E-09   0.301E-09   0.388E-09
    1.300   0.280E-10   0.297E-10   0.359E-10   0.483E-10   0.675E-10   0.949E-10   0.132E-09   0.179E-09   0.239E-09   0.313E-09   0.402E-09
    1.400   0.325E-10   0.343E-10   0.408E-10   0.536E-10   0.736E-10   0.102E-09   0.140E-09   0.189E-09   0.250E-09   0.325E-09   0.416E-09
    1.500   0.374E-10   0.393E-10   0.460E-10   0.593E-10   0.800E-10   0.109E-09   0.148E-09   0.198E-09   0.261E-09   0.338E-09   0.431E-09
    1.600   0.426E-10   0.446E-10   0.516E-10   0.654E-10   0.868E-10   0.117E-09   0.157E-09   0.208E-09   0.273E-09   0.351E-09   0.446E-09
    1.700   0.481E-10   0.503E-10   0.576E-10   0.718E-10   0.939E-10   0.125E-09   0.166E-09   0.219E-09   0.285E-09   0.365E-09   0.461E-09
    1.800   0.540E-10   0.563E-10   0.639E-10   0.786E-10   0.101E-09   0.133E-09   0.176E-09   0.230E-09   0.297E-09   0.379E-09   0.477E-09
    1.900   0.603E-10   0.627E-10   0.706E-10   0.857E-10   0.109E-09   0.142E-09   0.186E-09   0.241E-09   0.310E-09   0.393E-09   0.493E-09
    2.000   0.670E-10   0.695E-10   0.777E-10   0.933E-10   0.117E-09   0.151E-09   0.196E-09   0.253E-09   0.323E-09   0.408E-09   0.510E-09
    2.100   0.740E-10   0.766E-10   0.851E-10   0.101E-09   0.126E-09   0.161E-09   0.207E-09   0.265E-09   0.336E-09   0.423E-09   0.527E-09
    2.200   0.813E-10   0.842E-10   0.930E-10   0.110E-09   0.135E-09   0.171E-09   0.218E-09   0.277E-09   0.350E-09   0.439E-09   0.544E-09
    2.300   0.891E-10   0.920E-10   0.101E-09   0.118E-09   0.144E-09   0.181E-09   0.229E-09   0.290E-09   0.365E-09   0.455E-09   0.563E-09
    2.400   0.972E-10   0.100E-09   0.110E-09   0.127E-09   0.154E-09   0.192E-09   0.241E-09   0.303E-09   0.380E-09   0.472E-09   0.581E-09
    2.500   0.106E-09   0.109E-09   0.119E-09   0.137E-09   0.165E-09   0.203E-09   0.253E-09   0.317E-09   0.395E-09   0.489E-09   0.600E-09
    2.600   0.115E-09   0.118E-09   0.128E-09   0.147E-09   0.175E-09   0.215E-09   0.266E-09   0.331E-09   0.411E-09   0.506E-09   0.620E-09
    2.700   0.124E-09   0.127E-09   0.138E-09   0.157E-09   0.186E-09   0.227E-09   0.279E-09   0.346E-09   0.427E-09   0.524E-09   0.640E-09
    2.800   0.134E-09   0.137E-09   0.148E-09   0.168E-09   0.198E-09   0.239E-09   0.293E-09   0.361E-09   0.444E-09   0.543E-09   0.660E-09
    2.900   0.144E-09   0.148E-09   0.159E-09   0.179E-09   0.210E-09   0.252E-09   0.307E-09   0.376E-09   0.461E-09   0.562E-09   0.682E-09
    3.000   0.154E-09   0.158E-09   0.170E-09   0.191E-09   0.222E-09   0.266E-09   0.322E-09   0.392E-09   0.479E-09   0.582E-09   0.703E-09
    3.100   0.165E-09   0.169E-09   0.182E-09   0.203E-09   0.235E-09   0.279E-09   0.337E-09   0.409E-09   0.497E-09   0.602E-09   0.726E-09
    3.200   0.177E-09   0.181E-09   0.193E-09   0.215E-09   0.248E-09   0.294E-09   0.353E-09   0.426E-09   0.516E-09   0.623E-09   0.748E-09
    3.300   0.188E-09   0.193E-09   0.206E-09   0.228E-09   0.262E-09   0.309E-09   0.369E-09   0.444E-09   0.535E-09   0.644E-09   0.772E-09
    3.400   0.201E-09   0.205E-09   0.219E-09   0.242E-09   0.277E-09   0.324E-09   0.385E-09   0.462E-09   0.555E-09   0.666E-09   0.796E-09
    3.500   0.213E-09   0.218E-09   0.232E-09   0.256E-09   0.291E-09   0.340E-09   0.402E-09   0.480E-09   0.575E-09   0.688E-09   0.820E-09
    3.600   0.226E-09   0.231E-09   0.246E-09   0.270E-09   0.307E-09   0.356E-09   0.420E-09   0.500E-09   0.596E-09   0.711E-09   0.846E-09
    3.700   0.240E-09   0.245E-09   0.260E-09   0.285E-09   0.322E-09   0.373E-09   0.438E-09   0.519E-09   0.618E-09   0.735E-09   0.872E-09
    3.800   0.254E-09   0.259E-09   0.274E-09   0.300E-09   0.339E-09   0.390E-09   0.457E-09   0.540E-09   0.640E-09   0.759E-09   0.898E-09
    3.900   0.269E-09   0.274E-09   0.290E-09   0.316E-09   0.355E-09   0.408E-09   0.476E-09   0.561E-09   0.663E-09   0.784E-09   0.925E-09
    4.000   0.284E-09   0.289E-09   0.305E-09   0.333E-09   0.373E-09   0.427E-09   0.496E-09   0.582E-09   0.686E-09   0.809E-09   0.953E-09
    4.100   0.299E-09   0.305E-09   0.321E-09   0.350E-09   0.391E-09   0.446E-09   0.516E-09   0.604E-09   0.710E-09   0.836E-09   0.982E-09
    4.200   0.315E-09   0.321E-09   0.338E-09   0.367E-09   0.409E-09   0.465E-09   0.538E-09   0.627E-09   0.735E-09   0.862E-09   0.101E-08
    4.300   0.332E-09   0.338E-09   0.355E-09   0.385E-09   0.428E-09   0.485E-09   0.559E-09   0.650E-09   0.760E-09   0.890E-09   0.104E-08
    4.400   0.349E-09   0.355E-09   0.373E-09   0.404E-09   0.447E-09   0.506E-09   0.581E-09   0.674E-09   0.786E-09   0.918E-09   0.107E-08
    4.500   0.367E-09   0.373E-09   0.391E-09   0.423E-09   0.468E-09   0.528E-09   0.604E-09   0.699E-09   0.813E-09   0.947E-09   0.110E-08
    4.600   0.385E-09   0.391E-09   0.410E-09   0.442E-09   0.488E-09   0.550E-09   0.628E-09   0.724E-09   0.840E-09   0.977E-09   0.114E-08
    4.700   0.403E-09   0.410E-09   0.430E-09   0.463E-09   0.510E-09   0.572E-09   0.652E-09   0.750E-09   0.868E-09   0.101E-08   0.117E-08
    4.800   0.423E-09   0.429E-09   0.450E-09   0.483E-09   0.532E-09   0.596E-09   0.677E-09   0.777E-09   0.897E-09   0.104E-08   0.120E-08
    4.900   0.443E-09   0.450E-09   0.470E-09   0.505E-09   0.554E-09   0.620E-09   0.703E-09   0.805E-09   0.927E-09   0.107E-08   0.124E-08
    5.000   0.463E-09   0.470E-09   0.491E-09   0.527E-09   0.577E-09   0.644E-09   0.729E-09   0.833E-09   0.957E-09   0.110E-08   0.127E-08
    5.100   0.484E-09   0.492E-09   0.513E-09   0.550E-09   0.601E-09   0.670E-09   0.756E-09   0.862E-09   0.989E-09   0.114E-08   0.131E-08
    5.200   0.506E-09   0.514E-09   0.536E-09   0.573E-09   0.626E-09   0.696E-09   0.784E-09   0.892E-09   0.102E-08   0.117E-08   0.135E-08
    5.300   0.529E-09   0.536E-09   0.559E-09   0.597E-09   0.651E-09   0.722E-09   0.812E-09   0.922E-09   0.105E-08   0.121E-08   0.139E-08
    5.400   0.552E-09   0.559E-09   0.583E-09   0.622E-09   0.677E-09   0.750E-09   0.841E-09   0.953E-09   0.109E-08   0.124E-08   0.143E-08
    5.500   0.575E-09   0.583E-09   0.607E-09   0.647E-09   0.704E-09   0.778E-09   0.871E-09   0.986E-09   0.112E-08   0.128E-08   0.147E-08
    5.600   0.600E-09   0.608E-09   0.633E-09   0.673E-09   0.731E-09   0.807E-09   0.902E-09   0.102E-08   0.116E-08   0.132E-08   0.151E-08
    5.700   0.625E-09   0.633E-09   0.658E-09   0.700E-09   0.759E-09   0.837E-09   0.934E-09   0.105E-08   0.119E-08   0.136E-08   0.155E-08
    5.800   0.651E-09   0.659E-09   0.685E-09   0.728E-09   0.788E-09   0.868E-09   0.967E-09   0.109E-08   0.123E-08   0.140E-08   0.159E-08
    5.900   0.678E-09   0.686E-09   0.713E-09   0.756E-09   0.818E-09   0.899E-09   0.100E-08   0.112E-08   0.127E-08   0.144E-08   0.164E-08
    6.000   0.705E-09   0.714E-09   0.741E-09   0.786E-09   0.849E-09   0.931E-09   0.103E-08   0.116E-08   0.131E-08   0.148E-08   0.168E-08
    6.100   0.733E-09   0.742E-09   0.770E-09   0.816E-09   0.880E-09   0.965E-09   0.107E-08   0.120E-08   0.135E-08   0.153E-08   0.173E-08
    6.200   0.762E-09   0.772E-09   0.800E-09   0.847E-09   0.913E-09   0.999E-09   0.111E-08   0.124E-08   0.139E-08   0.157E-08   0.178E-08
    6.300   0.792E-09   0.802E-09   0.830E-09   0.878E-09   0.946E-09   0.103E-08   0.114E-08   0.128E-08   0.143E-08   0.162E-08   0.183E-08
    6.400   0.823E-09   0.833E-09   0.862E-09   0.911E-09   0.980E-09   0.107E-08   0.118E-08   0.132E-08   0.148E-08   0.166E-08   0.188E-08
    6.500   0.854E-09   0.864E-09   0.895E-09   0.945E-09   0.102E-08   0.111E-08   0.122E-08   0.136E-08   0.152E-08   0.171E-08   0.193E-08
    6.600   0.887E-09   0.897E-09   0.928E-09   0.979E-09   0.105E-08   0.114E-08   0.126E-08   0.140E-08   0.157E-08   0.176E-08   0.198E-08
    6.700   0.920E-09   0.931E-09   0.962E-09   0.101E-08   0.109E-08   0.118E-08   0.130E-08   0.145E-08   0.161E-08   0.181E-08   0.204E-08
    6.800   0.955E-09   0.965E-09   0.998E-09   0.105E-08   0.113E-08   0.122E-08   0.134E-08   0.149E-08   0.166E-08   0.186E-08   0.209E-08
    6.900   0.990E-09   0.100E-08   0.103E-08   0.109E-08   0.117E-08   0.126E-08   0.139E-08   0.154E-08   0.171E-08   0.192E-08   0.215E-08
    7.000   0.103E-08   0.104E-08   0.107E-08   0.113E-08   0.121E-08   0.131E-08   0.143E-08   0.158E-08   0.176E-08   0.197E-08   0.221E-08
    7.100   0.106E-08   0.108E-08   0.111E-08   0.117E-08   0.125E-08   0.135E-08   0.148E-08   0.163E-08   0.182E-08   0.203E-08   0.227E-08
    7.200   0.110E-08   0.111E-08   0.115E-08   0.121E-08   0.129E-08   0.140E-08   0.153E-08   0.168E-08   0.187E-08   0.209E-08   0.233E-08
    7.300   0.114E-08   0.115E-08   0.119E-08   0.125E-08   0.133E-08   0.144E-08   0.158E-08   0.174E-08   0.193E-08   0.214E-08   0.240E-08
    7.400   0.118E-08   0.120E-08   0.123E-08   0.129E-08   0.138E-08   0.149E-08   0.162E-08   0.179E-08   0.198E-08   0.221E-08   0.246E-08
    7.500   0.122E-08   0.124E-08   0.127E-08   0.134E-08   0.142E-08   0.154E-08   0.168E-08   0.184E-08   0.204E-08   0.227E-08   0.253E-08
    7.600   0.127E-08   0.128E-08   0.132E-08   0.138E-08   0.147E-08   0.159E-08   0.173E-08   0.190E-08   0.210E-08   0.233E-08   0.260E-08
    7.700   0.131E-08   0.133E-08   0.136E-08   0.143E-08   0.152E-08   0.164E-08   0.178E-08   0.196E-08   0.216E-08   0.240E-08   0.267E-08
    7.800   0.136E-08   0.137E-08   0.141E-08   0.148E-08   0.157E-08   0.169E-08   0.184E-08   0.202E-08   0.222E-08   0.246E-08   0.274E-08
    7.900   0.141E-08   0.142E-08   0.146E-08   0.153E-08   0.162E-08   0.174E-08   0.190E-08   0.208E-08   0.229E-08   0.253E-08   0.281E-08
    8.000   0.145E-08   0.147E-08   0.151E-08   0.158E-08   0.168E-08   0.180E-08   0.195E-08   0.214E-08   0.235E-08   0.260E-08   0.289E-08
    8.100   0.150E-08   0.152E-08   0.156E-08   0.163E-08   0.173E-08   0.186E-08   0.201E-08   0.220E-08   0.242E-08   0.268E-08   0.297E-08
    8.200   0.155E-08   0.157E-08   0.161E-08   0.168E-08   0.179E-08   0.192E-08   0.208E-08   0.227E-08   0.249E-08   0.275E-08   0.305E-08
    8.300   0.161E-08   0.162E-08   0.167E-08   0.174E-08   0.184E-08   0.198E-08   0.214E-08   0.234E-08   0.257E-08   0.283E-08   0.313E-08
    8.400   0.166E-08   0.168E-08   0.172E-08   0.180E-08   0.190E-08   0.204E-08   0.221E-08   0.241E-08   0.264E-08   0.291E-08   0.321E-08
    8.500   0.172E-08   0.173E-08   0.178E-08   0.186E-08   0.196E-08   0.210E-08   0.227E-08   0.248E-08   0.272E-08   0.299E-08   0.330E-08
    8.600   0.178E-08   0.179E-08   0.184E-08   0.192E-08   0.203E-08   0.217E-08   0.234E-08   0.255E-08   0.279E-08   0.307E-08   0.339E-08
    8.700   0.184E-08   0.185E-08   0.190E-08   0.198E-08   0.209E-08   0.224E-08   0.242E-08   0.263E-08   0.287E-08   0.316E-08   0.348E-08
    8.800   0.190E-08   0.191E-08   0.196E-08   0.204E-08   0.216E-08   0.231E-08   0.249E-08   0.270E-08   0.296E-08   0.325E-08   0.358E-08
    8.900   0.196E-08   0.198E-08   0.203E-08   0.211E-08   0.223E-08   0.238E-08   0.256E-08   0.279E-08   0.304E-08   0.334E-08   0.367E-08
    9.000   0.202E-08   0.204E-08   0.209E-08   0.218E-08   0.230E-08   0.245E-08   0.264E-08   0.287E-08   0.313E-08   0.343E-08   0.377E-08
    9.100   0.209E-08   0.211E-08   0.216E-08   0.225E-08   0.237E-08   0.253E-08   0.272E-08   0.295E-08   0.322E-08   0.353E-08   0.388E-08
    9.200   0.216E-08   0.218E-08   0.223E-08   0.232E-08   0.245E-08   0.261E-08   0.281E-08   0.304E-08   0.331E-08   0.363E-08   0.398E-08
    9.300   0.223E-08   0.225E-08   0.231E-08   0.240E-08   0.252E-08   0.269E-08   0.289E-08   0.313E-08   0.341E-08   0.373E-08   0.409E-08
    9.400   0.231E-08   0.232E-08   0.238E-08   0.247E-08   0.260E-08   0.277E-08   0.298E-08   0.322E-08   0.351E-08   0.383E-08   0.420E-08
    9.500   0.238E-08   0.240E-08   0.246E-08   0.255E-08   0.269E-08   0.286E-08   0.307E-08   0.332E-08   0.361E-08   0.394E-08   0.432E-08
    9.600   0.246E-08   0.248E-08   0.254E-08   0.263E-08   0.277E-08   0.295E-08   0.316E-08   0.342E-08   0.371E-08   0.405E-08   0.444E-08
    9.700   0.254E-08   0.256E-08   0.262E-08   0.272E-08   0.286E-08   0.304E-08   0.326E-08   0.352E-08   0.382E-08   0.417E-08   0.456E-08
    9.800   0.262E-08   0.264E-08   0.270E-08   0.281E-08   0.295E-08   0.313E-08   0.336E-08   0.362E-08   0.393E-08   0.428E-08   0.468E-08
    9.900   0.271E-08   0.273E-08   0.279E-08   0.290E-08   0.304E-08   0.323E-08   0.346E-08   0.373E-08   0.405E-08   0.441E-08   0.481E-08
   10.000   0.280E-08   0.282E-08   0.288E-08   0.299E-08   0.314E-08   0.333E-08   0.356E-08   0.384E-08   0.416E-08   0.453E-08   0.495E-08
   10.100   0.289E-08   0.291E-08   0.298E-08   0.309E-08   0.324E-08   0.343E-08   0.367E-08   0.396E-08   0.428E-08   0.466E-08   0.508E-08
   10.200   0.298E-08   0.301E-08   0.307E-08   0.318E-08   0.334E-08   0.354E-08   0.378E-08   0.407E-08   0.441E-08   0.479E-08   0.523E-08
   10.300   0.308E-08   0.310E-08   0.317E-08   0.329E-08   0.345E-08   0.365E-08   0.390E-08   0.420E-08   0.454E-08   0.493E-08   0.537E-08
   10.400   0.318E-08   0.321E-08   0.328E-08   0.339E-08   0.355E-08   0.376E-08   0.402E-08   0.432E-08   0.467E-08   0.507E-08   0.552E-08
   10.500   0.329E-08   0.331E-08   0.338E-08   0.350E-08   0.367E-08   0.388E-08   0.414E-08   0.445E-08   0.481E-08   0.522E-08   0.568E-08
   10.600   0.339E-08   0.342E-08   0.349E-08   0.361E-08   0.378E-08   0.400E-08   0.427E-08   0.459E-08   0.495E-08   0.537E-08   0.584E-08
   10.700   0.351E-08   0.353E-08   0.361E-08   0.373E-08   0.390E-08   0.413E-08   0.440E-08   0.472E-08   0.510E-08   0.552E-08   0.600E-08
   10.800   0.362E-08   0.365E-08   0.372E-08   0.385E-08   0.403E-08   0.426E-08   0.454E-08   0.487E-08   0.525E-08   0.569E-08   0.618E-08
   10.900   0.374E-08   0.377E-08   0.385E-08   0.398E-08   0.416E-08   0.439E-08   0.468E-08   0.502E-08   0.541E-08   0.585E-08   0.635E-08
   11.000   0.386E-08   0.389E-08   0.397E-08   0.410E-08   0.429E-08   0.453E-08   0.482E-08   0.517E-08   0.557E-08   0.602E-08   0.653E-08
   11.100   0.399E-08   0.402E-08   0.410E-08   0.424E-08   0.443E-08   0.467E-08   0.497E-08   0.533E-08   0.574E-08   0.620E-08   0.672E-08
   11.200   0.412E-08   0.415E-08   0.424E-08   0.438E-08   0.457E-08   0.482E-08   0.513E-08   0.549E-08   0.591E-08   0.638E-08   0.692E-08
   11.300   0.426E-08   0.429E-08   0.438E-08   0.452E-08   0.472E-08   0.498E-08   0.529E-08   0.566E-08   0.609E-08   0.657E-08   0.712E-08
   11.400   0.440E-08   0.443E-08   0.452E-08   0.467E-08   0.487E-08   0.514E-08   0.546E-08   0.583E-08   0.627E-08   0.677E-08   0.733E-08
   11.500   0.455E-08   0.458E-08   0.467E-08   0.482E-08   0.503E-08   0.530E-08   0.563E-08   0.602E-08   0.646E-08   0.697E-08   0.754E-08
   11.600   0.470E-08   0.474E-08   0.483E-08   0.498E-08   0.520E-08   0.547E-08   0.581E-08   0.620E-08   0.666E-08   0.718E-08   0.776E-08
   11.700   0.486E-08   0.489E-08   0.499E-08   0.515E-08   0.537E-08   0.565E-08   0.599E-08   0.640E-08   0.687E-08   0.740E-08   0.800E-08
   11.800   0.503E-08   0.506E-08   0.516E-08   0.532E-08   0.554E-08   0.583E-08   0.618E-08   0.660E-08   0.708E-08   0.762E-08   0.823E-08
   11.900   0.520E-08   0.523E-08   0.533E-08   0.550E-08   0.573E-08   0.602E-08   0.638E-08   0.681E-08   0.730E-08   0.786E-08   0.848E-08
   12.000   0.537E-08   0.541E-08   0.551E-08   0.568E-08   0.592E-08   0.622E-08   0.659E-08   0.703E-08   0.753E-08   0.810E-08   0.874E-08
   12.100   0.556E-08   0.559E-08   0.570E-08   0.587E-08   0.611E-08   0.642E-08   0.680E-08   0.725E-08   0.777E-08   0.835E-08   0.900E-08
   12.200   0.575E-08   0.579E-08   0.589E-08   0.607E-08   0.632E-08   0.664E-08   0.703E-08   0.748E-08   0.801E-08   0.861E-08   0.928E-08
   12.300   0.595E-08   0.599E-08   0.609E-08   0.628E-08   0.653E-08   0.686E-08   0.726E-08   0.773E-08   0.827E-08   0.888E-08   0.956E-08
   12.400   0.616E-08   0.619E-08   0.631E-08   0.649E-08   0.675E-08   0.709E-08   0.750E-08   0.798E-08   0.853E-08   0.916E-08   0.986E-08
   12.500   0.637E-08   0.641E-08   0.652E-08   0.672E-08   0.698E-08   0.733E-08   0.775E-08   0.824E-08   0.881E-08   0.945E-08   0.102E-07
   12.600   0.659E-08   0.663E-08   0.675E-08   0.695E-08   0.722E-08   0.758E-08   0.801E-08   0.851E-08   0.909E-08   0.975E-08   0.105E-07
   12.700   0.683E-08   0.687E-08   0.699E-08   0.719E-08   0.747E-08   0.783E-08   0.828E-08   0.879E-08   0.939E-08   0.101E-07   0.108E-07
   12.800   0.707E-08   0.711E-08   0.724E-08   0.744E-08   0.773E-08   0.810E-08   0.856E-08   0.909E-08   0.970E-08   0.104E-07   0.112E-07
   12.900   0.732E-08   0.736E-08   0.749E-08   0.771E-08   0.800E-08   0.838E-08   0.885E-08   0.939E-08   0.100E-07   0.107E-07   0.115E-07
   13.000   0.759E-08   0.763E-08   0.776E-08   0.798E-08   0.828E-08   0.868E-08   0.915E-08   0.971E-08   0.104E-07   0.111E-07   0.119E-07
   13.100   0.786E-08   0.791E-08   0.804E-08   0.827E-08   0.858E-08   0.898E-08   0.947E-08   0.100E-07   0.107E-07   0.115E-07   0.123E-07
   13.200   0.815E-08   0.819E-08   0.833E-08   0.856E-08   0.889E-08   0.930E-08   0.980E-08   0.104E-07   0.111E-07   0.118E-07   0.127E-07
   13.300   0.845E-08   0.849E-08   0.864E-08   0.887E-08   0.921E-08   0.963E-08   0.101E-07   0.108E-07   0.114E-07   0.122E-07   0.131E-07
   13.400   0.876E-08   0.881E-08   0.896E-08   0.920E-08   0.954E-08   0.997E-08   0.105E-07   0.111E-07   0.118E-07   0.126E-07   0.135E-07
   13.500   0.909E-08   0.914E-08   0.929E-08   0.954E-08   0.989E-08   0.103E-07   0.109E-07   0.115E-07   0.123E-07   0.131E-07   0.140E-07
   13.600   0.943E-08   0.948E-08   0.964E-08   0.989E-08   0.103E-07   0.107E-07   0.113E-07   0.119E-07   0.127E-07   0.135E-07   0.145E-07
   13.700   0.979E-08   0.984E-08   0.100E-07   0.103E-07   0.106E-07   0.111E-07   0.117E-07   0.124E-07   0.131E-07   0.140E-07   0.150E-07
   13.800   0.102E-07   0.102E-07   0.104E-07   0.107E-07   0.110E-07   0.115E-07   0.121E-07   0.128E-07   0.136E-07   0.145E-07   0.155E-07
   13.900   0.106E-07   0.106E-07   0.108E-07   0.111E-07   0.115E-07   0.120E-07   0.126E-07   0.133E-07   0.141E-07   0.150E-07   0.160E-07
   14.000   0.110E-07   0.110E-07   0.112E-07   0.115E-07   0.119E-07   0.124E-07   0.130E-07   0.138E-07   0.146E-07   0.155E-07   0.166E-07
   14.100   0.114E-07   0.115E-07   0.116E-07   0.119E-07   0.123E-07   0.129E-07   0.135E-07   0.143E-07   0.151E-07   0.161E-07   0.172E-07
   14.200   0.118E-07   0.119E-07   0.121E-07   0.124E-07   0.128E-07   0.134E-07   0.140E-07   0.148E-07   0.157E-07   0.167E-07   0.178E-07
   14.300   0.123E-07   0.124E-07   0.126E-07   0.129E-07   0.133E-07   0.139E-07   0.146E-07   0.154E-07   0.163E-07   0.173E-07   0.184E-07
   14.400   0.128E-07   0.129E-07   0.131E-07   0.134E-07   0.139E-07   0.144E-07   0.151E-07   0.160E-07   0.169E-07   0.180E-07   0.191E-07
   14.500   0.133E-07   0.134E-07   0.136E-07   0.140E-07   0.144E-07   0.150E-07   0.157E-07   0.166E-07   0.176E-07   0.186E-07   0.198E-07
   14.600   0.139E-07   0.140E-07   0.142E-07   0.145E-07   0.150E-07   0.156E-07   0.164E-07   0.172E-07   0.182E-07   0.194E-07   0.206E-07
   14.700   0.145E-07   0.146E-07   0.148E-07   0.151E-07   0.156E-07   0.163E-07   0.170E-07   0.179E-07   0.190E-07   0.201E-07   0.214E-07
   14.800   0.151E-07   0.152E-07   0.154E-07   0.158E-07   0.163E-07   0.169E-07   0.177E-07   0.187E-07   0.197E-07   0.209E-07   0.222E-07
   14.900   0.157E-07   0.158E-07   0.161E-07   0.164E-07   0.170E-07   0.176E-07   0.185E-07   0.194E-07   0.205E-07   0.217E-07   0.230E-07
   15.000   0.164E-07   0.165E-07   0.167E-07   0.171E-07   0.177E-07   0.184E-07   0.192E-07   0.202E-07   0.213E-07   0.226E-07   0.239E-07
   15.100   0.172E-07   0.172E-07   0.175E-07   0.179E-07   0.184E-07   0.192E-07   0.200E-07   0.211E-07   0.222E-07   0.235E-07   0.249E-07
   15.200   0.179E-07   0.180E-07   0.183E-07   0.187E-07   0.193E-07   0.200E-07   0.209E-07   0.219E-07   0.231E-07   0.244E-07   0.259E-07
   15.300   0.187E-07   0.188E-07   0.191E-07   0.195E-07   0.201E-07   0.209E-07   0.218E-07   0.229E-07   0.241E-07   0.255E-07   0.269E-07
   15.400   0.196E-07   0.197E-07   0.199E-07   0.204E-07   0.210E-07   0.218E-07   0.228E-07   0.239E-07   0.251E-07   0.265E-07   0.280E-07
   15.500   0.205E-07   0.206E-07   0.209E-07   0.213E-07   0.220E-07   0.228E-07   0.238E-07   0.249E-07   0.262E-07   0.276E-07   0.292E-07
   15.600   0.215E-07   0.215E-07   0.218E-07   0.223E-07   0.230E-07   0.238E-07   0.248E-07   0.260E-07   0.274E-07   0.288E-07   0.304E-07
   15.700   0.225E-07   0.226E-07   0.229E-07   0.234E-07   0.241E-07   0.249E-07   0.260E-07   0.272E-07   0.286E-07   0.301E-07   0.317E-07
   15.800   0.236E-07   0.237E-07   0.240E-07   0.245E-07   0.252E-07   0.261E-07   0.272E-07   0.284E-07   0.299E-07   0.314E-07   0.331E-07
   15.900   0.247E-07   0.248E-07   0.252E-07   0.257E-07   0.264E-07   0.273E-07   0.285E-07   0.298E-07   0.312E-07   0.328E-07   0.345E-07
   16.000   0.260E-07   0.261E-07   0.264E-07   0.270E-07   0.277E-07   0.287E-07   0.298E-07   0.312E-07   0.327E-07   0.343E-07   0.360E-07
   16.100   0.273E-07   0.274E-07   0.277E-07   0.283E-07   0.291E-07   0.301E-07   0.313E-07   0.326E-07   0.342E-07   0.359E-07   0.377E-07
   16.200   0.287E-07   0.288E-07   0.292E-07   0.297E-07   0.306E-07   0.316E-07   0.328E-07   0.342E-07   0.358E-07   0.375E-07   0.394E-07
   16.300   0.302E-07   0.303E-07   0.307E-07   0.313E-07   0.321E-07   0.332E-07   0.345E-07   0.359E-07   0.375E-07   0.393E-07   0.412E-07
   16.400   0.318E-07   0.319E-07   0.323E-07   0.329E-07   0.338E-07   0.349E-07   0.362E-07   0.377E-07   0.394E-07   0.412E-07   0.431E-07
   16.500   0.335E-07   0.337E-07   0.341E-07   0.347E-07   0.356E-07   0.367E-07   0.381E-07   0.396E-07   0.413E-07   0.432E-07   0.451E-07
   16.600   0.354E-07   0.355E-07   0.359E-07   0.366E-07   0.375E-07   0.387E-07   0.401E-07   0.416E-07   0.434E-07   0.453E-07   0.473E-07
   16.700   0.374E-07   0.375E-07   0.379E-07   0.386E-07   0.396E-07   0.408E-07   0.422E-07   0.438E-07   0.456E-07   0.475E-07   0.495E-07
   16.800   0.395E-07   0.397E-07   0.401E-07   0.408E-07   0.418E-07   0.430E-07   0.445E-07   0.461E-07   0.480E-07   0.499E-07   0.519E-07
   16.900   0.418E-07   0.420E-07   0.424E-07   0.432E-07   0.442E-07   0.454E-07   0.469E-07   0.486E-07   0.505E-07   0.525E-07   0.545E-07
   17.000   0.443E-07   0.445E-07   0.449E-07   0.457E-07   0.467E-07   0.480E-07   0.496E-07   0.513E-07   0.532E-07   0.552E-07   0.572E-07
   17.100   0.470E-07   0.471E-07   0.476E-07   0.484E-07   0.495E-07   0.508E-07   0.524E-07   0.541E-07   0.560E-07   0.580E-07   0.601E-07
   17.200   0.499E-07   0.500E-07   0.505E-07   0.513E-07   0.524E-07   0.538E-07   0.554E-07   0.572E-07   0.591E-07   0.611E-07   0.632E-07
   17.300   0.530E-07   0.532E-07   0.537E-07   0.545E-07   0.556E-07   0.570E-07   0.586E-07   0.604E-07   0.623E-07   0.644E-07   0.664E-07
   17.400   0.564E-07   0.566E-07   0.571E-07   0.579E-07   0.591E-07   0.605E-07   0.621E-07   0.639E-07   0.658E-07   0.678E-07   0.698E-07
   17.500   0.601E-07   0.603E-07   0.608E-07   0.616E-07   0.628E-07   0.642E-07   0.658E-07   0.676E-07   0.695E-07   0.715E-07   0.734E-07
   17.600   0.641E-07   0.642E-07   0.648E-07   0.656E-07   0.668E-07   0.682E-07   0.698E-07   0.716E-07   0.735E-07   0.754E-07   0.773E-07
   17.700   0.684E-07   0.686E-07   0.691E-07   0.700E-07   0.711E-07   0.725E-07   0.741E-07   0.759E-07   0.777E-07   0.796E-07   0.813E-07
   17.800   0.731E-07   0.732E-07   0.738E-07   0.746E-07   0.758E-07   0.772E-07   0.788E-07   0.805E-07   0.822E-07   0.839E-07   0.856E-07
   17.900   0.782E-07   0.783E-07   0.789E-07   0.797E-07   0.808E-07   0.822E-07   0.837E-07   0.853E-07   0.870E-07   0.886E-07   0.901E-07
   18.000   0.837E-07   0.838E-07   0.844E-07   0.852E-07   0.863E-07   0.876E-07   0.890E-07   0.905E-07   0.921E-07   0.935E-07   0.948E-07
   18.100   0.896E-07   0.898E-07   0.903E-07   0.911E-07   0.921E-07   0.934E-07   0.947E-07   0.961E-07   0.974E-07   0.986E-07   0.997E-07
   18.200   0.961E-07   0.963E-07   0.967E-07   0.975E-07   0.984E-07   0.995E-07   0.101E-06   0.102E-06   0.103E-06   0.104E-06   0.105E-06
   18.300   0.103E-06   0.103E-06   0.104E-06   0.104E-06   0.105E-06   0.106E-06   0.107E-06   0.108E-06   0.109E-06   0.110E-06   0.110E-06
   18.400   0.111E-06   0.111E-06   0.111E-06   0.112E-06   0.112E-06   0.113E-06   0.114E-06   0.115E-06   0.115E-06   0.116E-06   0.116E-06
   18.500   0.119E-06   0.119E-06   0.119E-06   0.119E-06   0.120E-06   0.121E-06   0.121E-06   0.121E-06   0.122E-06   0.122E-06   0.121E-06
   18.600   0.127E-06   0.127E-06   0.127E-06   0.128E-06   0.128E-06   0.128E-06   0.128E-06   0.128E-06   0.128E-06   0.128E-06   0.127E-06
   18.700   0.136E-06   0.136E-06   0.136E-06   0.136E-06   0.136E-06   0.136E-06   0.136E-06   0.136E-06   0.135E-06   0.134E-06   0.133E-06
   18.800   0.146E-06   0.146E-06   0.146E-06   0.146E-06   0.145E-06   0.145E-06   0.144E-06   0.143E-06   0.142E-06   0.140E-06   0.139E-06
   18.900   0.156E-06   0.155E-06   0.155E-06   0.155E-06   0.154E-06   0.153E-06   0.152E-06   0.151E-06   0.149E-06   0.147E-06   0.144E-06
   19.000   0.166E-06   0.165E-06   0.165E-06   0.164E-06   0.163E-06   0.162E-06   0.160E-06   0.158E-06   0.156E-06   0.153E-06   0.150E-06
   19.100   0.176E-06   0.175E-06   0.175E-06   0.174E-06   0.172E-06   0.171E-06   0.168E-06   0.166E-06   0.162E-06   0.159E-06   0.155E-06
   19.200   0.186E-06   0.185E-06   0.184E-06   0.183E-06   0.181E-06   0.179E-06   0.176E-06   0.173E-06   0.169E-06   0.165E-06   0.161E-06
   19.300   0.195E-06   0.195E-06   0.194E-06   0.192E-06   0.190E-06   0.187E-06   0.183E-06   0.179E-06   0.175E-06   0.170E-06   0.165E-06
   19.400   0.204E-06   0.204E-06   0.202E-06   0.200E-06   0.197E-06   0.194E-06   0.190E-06   0.185E-06   0.181E-06   0.175E-06   0.170E-06
   19.500   0.212E-06   0.211E-06   0.210E-06   0.208E-06   0.204E-06   0.201E-06   0.196E-06   0.191E-06   0.186E-06   0.180E-06   0.174E-06
   19.600   0.219E-06   0.218E-06   0.217E-06   0.214E-06   0.210E-06   0.206E-06   0.201E-06   0.196E-06   0.190E-06   0.184E-06   0.178E-06
   19.700   0.224E-06   0.224E-06   0.222E-06   0.219E-06   0.215E-06   0.211E-06   0.206E-06   0.200E-06   0.194E-06   0.188E-06   0.181E-06
   19.800   0.228E-06   0.228E-06   0.226E-06   0.223E-06   0.219E-06   0.215E-06   0.209E-06   0.203E-06   0.197E-06   0.190E-06   0.184E-06
   19.900   0.231E-06   0.231E-06   0.229E-06   0.226E-06   0.222E-06   0.217E-06   0.212E-06   0.206E-06   0.199E-06   0.193E-06   0.186E-06
   20.000   0.233E-06   0.232E-06   0.230E-06   0.228E-06   0.224E-06   0.219E-06   0.214E-06   0.208E-06   0.201E-06   0.195E-06   0.188E-06
   20.100   0.233E-06   0.233E-06   0.231E-06   0.228E-06   0.225E-06   0.220E-06   0.215E-06   0.209E-06   0.203E-06   0.196E-06   0.189E-06
   20.200   0.233E-06   0.232E-06   0.231E-06   0.228E-06   0.225E-06   0.220E-06   0.215E-06   0.210E-06   0.203E-06   0.197E-06   0.190E-06
   20.300   0.232E-06   0.231E-06   0.230E-06   0.228E-06   0.224E-06   0.220E-06   0.215E-06   0.210E-06   0.204E-06   0.197E-06   0.191E-06
   20.400   0.231E-06   0.230E-06   0.229E-06   0.227E-06   0.223E-06   0.220E-06   0.215E-06   0.210E-06   0.204E-06   0.198E-06   0.191E-06
   20.500   0.229E-06   0.229E-06   0.227E-06   0.225E-06   0.222E-06   0.219E-06   0.214E-06   0.209E-06   0.204E-06   0.197E-06   0.191E-06
   20.600   0.228E-06   0.227E-06   0.226E-06   0.224E-06   0.221E-06   0.218E-06   0.214E-06   0.209E-06   0.203E-06   0.197E-06   0.191E-06
   20.700   0.226E-06   0.226E-06   0.225E-06   0.223E-06   0.220E-06   0.217E-06   0.213E-06   0.208E-06   0.203E-06   0.197E-06   0.190E-06
   20.800   0.225E-06   0.225E-06   0.224E-06   0.222E-06   0.219E-06   0.216E-06   0.212E-06   0.207E-06   0.202E-06   0.196E-06   0.190E-06
   20.900   0.224E-06   0.224E-06   0.223E-06   0.221E-06   0.218E-06   0.215E-06   0.211E-06   0.206E-06   0.201E-06   0.195E-06   0.189E-06
   21.000   0.223E-06   0.223E-06   0.222E-06   0.220E-06   0.217E-06   0.214E-06   0.210E-06   0.205E-06   0.200E-06   0.194E-06   0.188E-06
   21.100   0.222E-06   0.222E-06   0.221E-06   0.219E-06   0.216E-06   0.213E-06   0.209E-06   0.204E-06   0.199E-06   0.193E-06   0.186E-06
   21.200   0.221E-06   0.221E-06   0.220E-06   0.218E-06   0.215E-06   0.211E-06   0.207E-06   0.202E-06   0.197E-06   0.191E-06   0.185E-06
   21.300   0.220E-06   0.220E-06   0.218E-06   0.216E-06   0.213E-06   0.210E-06   0.206E-06   0.201E-06   0.195E-06   0.189E-06   0.183E-06
   21.400   0.218E-06   0.218E-06   0.217E-06   0.215E-06   0.212E-06   0.208E-06   0.204E-06   0.199E-06   0.193E-06   0.187E-06   0.181E-06
   21.500   0.216E-06   0.216E-06   0.214E-06   0.212E-06   0.209E-06   0.206E-06   0.201E-06   0.196E-06   0.191E-06   0.185E-06   0.178E-06
   21.600   0.213E-06   0.213E-06   0.212E-06   0.209E-06   0.206E-06   0.203E-06   0.198E-06   0.193E-06   0.188E-06   0.182E-06   0.176E-06
   21.700   0.210E-06   0.210E-06   0.208E-06   0.206E-06   0.203E-06   0.199E-06   0.195E-06   0.190E-06   0.184E-06   0.179E-06   0.173E-06
   21.800   0.206E-06   0.205E-06   0.204E-06   0.202E-06   0.199E-06   0.195E-06   0.191E-06   0.186E-06   0.181E-06   0.175E-06   0.169E-06
   21.900   0.201E-06   0.200E-06   0.199E-06   0.197E-06   0.194E-06   0.191E-06   0.186E-06   0.182E-06   0.177E-06   0.171E-06   0.166E-06
   22.000   0.195E-06   0.195E-06   0.194E-06   0.192E-06   0.189E-06   0.185E-06   0.182E-06   0.177E-06   0.172E-06   0.167E-06   0.162E-06
   22.100   0.189E-06   0.189E-06   0.188E-06   0.186E-06   0.183E-06   0.180E-06   0.176E-06   0.172E-06   0.168E-06   0.163E-06   0.158E-06
   22.200   0.182E-06   0.182E-06   0.181E-06   0.179E-06   0.177E-06   0.174E-06   0.171E-06   0.167E-06   0.163E-06   0.158E-06   0.153E-06
   22.300   0.175E-06   0.175E-06   0.174E-06   0.172E-06   0.170E-06   0.168E-06   0.165E-06   0.161E-06   0.157E-06   0.153E-06   0.149E-06
   22.400   0.168E-06   0.168E-06   0.167E-06   0.166E-06   0.164E-06   0.161E-06   0.159E-06   0.155E-06   0.152E-06   0.148E-06   0.144E-06
   22.500   0.161E-06   0.160E-06   0.160E-06   0.158E-06   0.157E-06   0.155E-06   0.152E-06   0.150E-06   0.146E-06   0.143E-06   0.139E-06
   22.600   0.153E-06   0.153E-06   0.152E-06   0.151E-06   0.150E-06   0.148E-06   0.146E-06   0.144E-06   0.141E-06   0.138E-06   0.135E-06
   22.700   0.146E-06   0.146E-06   0.145E-06   0.144E-06   0.143E-06   0.142E-06   0.140E-06   0.138E-06   0.136E-06   0.133E-06   0.130E-06
   22.800   0.139E-06   0.138E-06   0.138E-06   0.137E-06   0.137E-06   0.135E-06   0.134E-06   0.132E-06   0.130E-06   0.128E-06   0.125E-06
   22.900   0.132E-06   0.132E-06   0.131E-06   0.131E-06   0.130E-06   0.129E-06   0.128E-06   0.126E-06   0.125E-06   0.123E-06   0.121E-06
   23.000   0.125E-06   0.125E-06   0.125E-06   0.124E-06   0.124E-06   0.123E-06   0.122E-06   0.121E-06   0.120E-06   0.118E-06   0.116E-06
   23.100   0.119E-06   0.118E-06   0.118E-06   0.118E-06   0.118E-06   0.117E-06   0.116E-06   0.116E-06   0.114E-06   0.113E-06   0.112E-06
   23.200   0.112E-06   0.112E-06   0.112E-06   0.112E-06   0.112E-06   0.112E-06   0.111E-06   0.110E-06   0.110E-06   0.108E-06   0.107E-06
   23.300   0.107E-06   0.107E-06   0.107E-06   0.107E-06   0.106E-06   0.106E-06   0.106E-06   0.105E-06   0.105E-06   0.104E-06   0.103E-06
   23.400   0.101E-06   0.101E-06   0.101E-06   0.101E-06   0.101E-06   0.101E-06   0.101E-06   0.101E-06   0.100E-06   0.997E-07   0.989E-07
   23.500   0.960E-07   0.960E-07   0.961E-07   0.962E-07   0.962E-07   0.963E-07   0.963E-07   0.962E-07   0.960E-07   0.956E-07   0.950E-07
   23.600   0.912E-07   0.912E-07   0.913E-07   0.914E-07   0.916E-07   0.917E-07   0.918E-07   0.919E-07   0.918E-07   0.916E-07   0.912E-07
   23.700   0.866E-07   0.867E-07   0.868E-07   0.870E-07   0.872E-07   0.874E-07   0.876E-07   0.878E-07   0.879E-07   0.878E-07   0.876E-07
   23.800   0.824E-07   0.824E-07   0.825E-07   0.828E-07   0.830E-07   0.833E-07   0.837E-07   0.839E-07   0.841E-07   0.842E-07   0.842E-07
   23.900   0.783E-07   0.784E-07   0.786E-07   0.788E-07   0.791E-07   0.795E-07   0.799E-07   0.802E-07   0.805E-07   0.808E-07   0.808E-07
   24.000   0.746E-07   0.747E-07   0.748E-07   0.751E-07   0.755E-07   0.759E-07   0.763E-07   0.768E-07   0.772E-07   0.775E-07   0.777E-07
   24.100   0.711E-07   0.712E-07   0.713E-07   0.716E-07   0.720E-07   0.725E-07   0.730E-07   0.735E-07   0.740E-07   0.744E-07   0.747E-07
   24.200   0.678E-07   0.679E-07   0.681E-07   0.684E-07   0.688E-07   0.693E-07   0.698E-07   0.704E-07   0.709E-07   0.714E-07   0.718E-07
   24.300   0.647E-07   0.648E-07   0.650E-07   0.653E-07   0.658E-07   0.663E-07   0.668E-07   0.674E-07   0.680E-07   0.686E-07   0.690E-07
   24.400   0.618E-07   0.619E-07   0.621E-07   0.624E-07   0.629E-07   0.634E-07   0.640E-07   0.647E-07   0.653E-07   0.659E-07   0.664E-07
   24.500   0.591E-07   0.592E-07   0.594E-07   0.597E-07   0.602E-07   0.608E-07   0.614E-07   0.620E-07   0.627E-07   0.633E-07   0.639E-07
   24.600   0.566E-07   0.566E-07   0.569E-07   0.572E-07   0.577E-07   0.582E-07   0.589E-07   0.596E-07   0.603E-07   0.609E-07   0.616E-07
   24.700   0.542E-07   0.543E-07   0.545E-07   0.548E-07   0.553E-07   0.559E-07   0.565E-07   0.572E-07   0.579E-07   0.586E-07   0.593E-07
   24.800   0.519E-07   0.520E-07   0.522E-07   0.526E-07   0.530E-07   0.536E-07   0.543E-07   0.550E-07   0.557E-07   0.565E-07   0.572E-07
   24.900   0.498E-07   0.499E-07   0.501E-07   0.505E-07   0.509E-07   0.515E-07   0.522E-07   0.529E-07   0.536E-07   0.544E-07   0.551E-07
   25.000   0.478E-07   0.479E-07   0.481E-07   0.485E-07   0.489E-07   0.495E-07   0.502E-07   0.509E-07   0.517E-07   0.524E-07   0.532E-07
   25.100   0.460E-07   0.460E-07   0.462E-07   0.466E-07   0.471E-07   0.476E-07   0.483E-07   0.490E-07   0.498E-07   0.506E-07   0.514E-07
   25.200   0.442E-07   0.443E-07   0.445E-07   0.448E-07   0.453E-07   0.458E-07   0.465E-07   0.472E-07   0.480E-07   0.488E-07   0.496E-07
   25.300   0.425E-07   0.426E-07   0.428E-07   0.431E-07   0.436E-07   0.442E-07   0.448E-07   0.455E-07   0.463E-07   0.471E-07   0.479E-07
   25.400   0.410E-07   0.410E-07   0.412E-07   0.416E-07   0.420E-07   0.426E-07   0.432E-07   0.439E-07   0.447E-07   0.455E-07   0.463E-07
   25.500   0.395E-07   0.395E-07   0.397E-07   0.401E-07   0.405E-07   0.411E-07   0.417E-07   0.424E-07   0.432E-07   0.440E-07   0.448E-07
   25.600   0.381E-07   0.381E-07   0.383E-07   0.386E-07   0.391E-07   0.396E-07   0.403E-07   0.410E-07   0.417E-07   0.425E-07   0.433E-07
   25.700   0.367E-07   0.368E-07   0.370E-07   0.373E-07   0.377E-07   0.383E-07   0.389E-07   0.396E-07   0.403E-07   0.411E-07   0.420E-07
   25.800   0.355E-07   0.355E-07   0.357E-07   0.360E-07   0.364E-07   0.370E-07   0.376E-07   0.383E-07   0.390E-07   0.398E-07   0.406E-07
   25.900   0.343E-07   0.343E-07   0.345E-07   0.348E-07   0.352E-07   0.357E-07   0.364E-07   0.370E-07   0.378E-07   0.386E-07   0.394E-07
   26.000   0.331E-07   0.332E-07   0.334E-07   0.337E-07   0.341E-07   0.346E-07   0.352E-07   0.359E-07   0.366E-07   0.374E-07   0.382E-07
   26.100   0.321E-07   0.321E-07   0.323E-07   0.326E-07   0.330E-07   0.335E-07   0.341E-07   0.347E-07   0.355E-07   0.362E-07   0.370E-07
   26.200   0.310E-07   0.311E-07   0.313E-07   0.315E-07   0.319E-07   0.324E-07   0.330E-07   0.337E-07   0.344E-07   0.351E-07   0.359E-07
   26.300   0.301E-07   0.301E-07   0.303E-07   0.306E-07   0.309E-07   0.314E-07   0.320E-07   0.326E-07   0.333E-07   0.341E-07   0.349E-07
   26.400   0.291E-07   0.292E-07   0.293E-07   0.296E-07   0.300E-07   0.305E-07   0.310E-07   0.316E-07   0.323E-07   0.331E-07   0.339E-07
   26.500   0.282E-07   0.283E-07   0.285E-07   0.287E-07   0.291E-07   0.295E-07   0.301E-07   0.307E-07   0.314E-07   0.321E-07   0.329E-07
   26.600   0.274E-07   0.274E-07   0.276E-07   0.279E-07   0.282E-07   0.287E-07   0.292E-07   0.298E-07   0.305E-07   0.312E-07   0.320E-07
   26.700   0.266E-07   0.266E-07   0.268E-07   0.270E-07   0.274E-07   0.278E-07   0.284E-07   0.290E-07   0.296E-07   0.303E-07   0.311E-07
   26.800   0.258E-07   0.259E-07   0.260E-07   0.263E-07   0.266E-07   0.270E-07   0.276E-07   0.281E-07   0.288E-07   0.295E-07   0.302E-07
   26.900   0.251E-07   0.251E-07   0.253E-07   0.255E-07   0.259E-07   0.263E-07   0.268E-07   0.274E-07   0.280E-07   0.287E-07   0.294E-07
   27.000   0.244E-07   0.244E-07   0.246E-07   0.248E-07   0.251E-07   0.256E-07   0.260E-07   0.266E-07   0.272E-07   0.279E-07   0.286E-07
   27.100   0.237E-07   0.238E-07   0.239E-07   0.241E-07   0.245E-07   0.249E-07   0.253E-07   0.259E-07   0.265E-07   0.272E-07   0.279E-07
   27.200   0.231E-07   0.231E-07   0.232E-07   0.235E-07   0.238E-07   0.242E-07   0.247E-07   0.252E-07   0.258E-07   0.265E-07   0.271E-07
   27.300   0.224E-07   0.225E-07   0.226E-07   0.229E-07   0.232E-07   0.235E-07   0.240E-07   0.245E-07   0.251E-07   0.258E-07   0.264E-07
   27.400   0.219E-07   0.219E-07   0.220E-07   0.223E-07   0.226E-07   0.229E-07   0.234E-07   0.239E-07   0.245E-07   0.251E-07   0.258E-07
   27.500   0.213E-07   0.213E-07   0.215E-07   0.217E-07   0.220E-07   0.223E-07   0.228E-07   0.233E-07   0.239E-07   0.245E-07   0.251E-07
   27.600   0.207E-07   0.208E-07   0.209E-07   0.211E-07   0.214E-07   0.218E-07   0.222E-07   0.227E-07   0.233E-07   0.239E-07   0.245E-07
   27.700   0.202E-07   0.203E-07   0.204E-07   0.206E-07   0.209E-07   0.212E-07   0.217E-07   0.221E-07   0.227E-07   0.233E-07   0.239E-07
   27.800   0.197E-07   0.198E-07   0.199E-07   0.201E-07   0.204E-07   0.207E-07   0.211E-07   0.216E-07   0.221E-07   0.227E-07   0.233E-07
   27.900   0.192E-07   0.193E-07   0.194E-07   0.196E-07   0.199E-07   0.202E-07   0.206E-07   0.211E-07   0.216E-07   0.222E-07   0.228E-07
   28.000   0.188E-07   0.188E-07   0.189E-07   0.191E-07   0.194E-07   0.197E-07   0.201E-07   0.206E-07   0.211E-07   0.217E-07   0.223E-07
   28.100   0.183E-07   0.184E-07   0.185E-07   0.187E-07   0.189E-07   0.193E-07   0.196E-07   0.201E-07   0.206E-07   0.212E-07   0.217E-07
   28.200   0.179E-07   0.179E-07   0.180E-07   0.182E-07   0.185E-07   0.188E-07   0.192E-07   0.196E-07   0.201E-07   0.207E-07   0.213E-07
   28.300   0.175E-07   0.175E-07   0.176E-07   0.178E-07   0.181E-07   0.184E-07   0.187E-07   0.192E-07   0.197E-07   0.202E-07   0.208E-07
   28.400   0.171E-07   0.171E-07   0.172E-07   0.174E-07   0.176E-07   0.180E-07   0.183E-07   0.187E-07   0.192E-07   0.197E-07   0.203E-07
   28.500   0.167E-07   0.167E-07   0.168E-07   0.170E-07   0.173E-07   0.176E-07   0.179E-07   0.183E-07   0.188E-07   0.193E-07   0.199E-07
   28.600   0.163E-07   0.164E-07   0.165E-07   0.166E-07   0.169E-07   0.172E-07   0.175E-07   0.179E-07   0.184E-07   0.189E-07   0.194E-07
   28.700   0.160E-07   0.160E-07   0.161E-07   0.163E-07   0.165E-07   0.168E-07   0.171E-07   0.175E-07   0.180E-07   0.185E-07   0.190E-07
   28.800   0.156E-07   0.157E-07   0.158E-07   0.159E-07   0.161E-07   0.164E-07   0.168E-07   0.172E-07   0.176E-07   0.181E-07   0.186E-07
   28.900   0.153E-07   0.153E-07   0.154E-07   0.156E-07   0.158E-07   0.161E-07   0.164E-07   0.168E-07   0.172E-07   0.177E-07   0.182E-07
   29.000   0.150E-07   0.150E-07   0.151E-07   0.153E-07   0.155E-07   0.157E-07   0.161E-07   0.164E-07   0.169E-07   0.173E-07   0.178E-07
   29.100   0.147E-07   0.147E-07   0.148E-07   0.149E-07   0.151E-07   0.154E-07   0.157E-07   0.161E-07   0.165E-07   0.170E-07   0.175E-07
   29.200   0.144E-07   0.144E-07   0.145E-07   0.146E-07   0.148E-07   0.151E-07   0.154E-07   0.158E-07   0.162E-07   0.166E-07   0.171E-07
   29.300   0.141E-07   0.141E-07   0.142E-07   0.143E-07   0.145E-07   0.148E-07   0.151E-07   0.155E-07   0.159E-07   0.163E-07   0.168E-07
   29.400   0.138E-07   0.138E-07   0.139E-07   0.140E-07   0.142E-07   0.145E-07   0.148E-07   0.151E-07   0.155E-07   0.160E-07   0.164E-07
   29.500   0.135E-07   0.135E-07   0.136E-07   0.138E-07   0.140E-07   0.142E-07   0.145E-07   0.148E-07   0.152E-07   0.157E-07   0.161E-07
   29.600   0.132E-07   0.133E-07   0.134E-07   0.135E-07   0.137E-07   0.139E-07   0.142E-07   0.146E-07   0.149E-07   0.154E-07   0.158E-07
   29.700   0.130E-07   0.130E-07   0.131E-07   0.132E-07   0.134E-07   0.137E-07   0.139E-07   0.143E-07   0.146E-07   0.151E-07   0.155E-07
   29.800   0.127E-07   0.128E-07   0.128E-07   0.130E-07   0.132E-07   0.134E-07   0.137E-07   0.140E-07   0.144E-07   0.148E-07   0.152E-07
   29.900   0.125E-07   0.125E-07   0.126E-07   0.127E-07   0.129E-07   0.131E-07   0.134E-07   0.137E-07   0.141E-07   0.145E-07   0.149E-07
   30.000   0.123E-07   0.123E-07   0.124E-07   0.125E-07   0.127E-07   0.129E-07   0.132E-07   0.135E-07   0.138E-07   0.142E-07   0.146E-07
