# fe1_the_045_098_photoabs_h_SMLO.dat                    
#
# Z = 45, A = 98
#
# Parameters:  Er1 = 15.562,  Wr1 =  4.967,  S1 =   0.400,  Er2 = 16.833,  Wr2 =  5.331,  S2 =   0.800,  beta=  0.092
# No. of entries:  300
# Col 1: photon energy E in MeV
# Col 2-11: E1 photoabsorption PSF (fe1 in MeV^-3) for nucleus at the temperatures T=0-2 MeV
# Format: f9.3, 11e12.3
# Authors:  V.A.Plujko, O.M. Gorbachenko, K.M. Solodovnyk (TSNU)
#   E         T=0.0       T=0.2       T=0.4       T=0.6       T=0.8       T=1.0       T=1.2       T=1.4       T=1.6       T=1.8       T=2.0
    0.100   0.430E-11   0.215E-10   0.948E-10   0.272E-09   0.604E-09   0.114E-08   0.193E-08   0.303E-08   0.447E-08   0.633E-08   0.864E-08
    0.200   0.172E-10   0.404E-10   0.129E-09   0.325E-09   0.681E-09   0.125E-08   0.207E-08   0.320E-08   0.469E-08   0.659E-08   0.894E-08
    0.300   0.387E-10   0.660E-10   0.168E-09   0.385E-09   0.764E-09   0.136E-08   0.221E-08   0.338E-08   0.491E-08   0.686E-08   0.926E-08
    0.400   0.689E-10   0.990E-10   0.215E-09   0.450E-09   0.854E-09   0.147E-08   0.236E-08   0.357E-08   0.514E-08   0.713E-08   0.959E-08
    0.500   0.108E-09   0.140E-09   0.268E-09   0.523E-09   0.951E-09   0.160E-08   0.252E-08   0.377E-08   0.538E-08   0.742E-08   0.993E-08
    0.600   0.155E-09   0.190E-09   0.329E-09   0.603E-09   0.105E-08   0.173E-08   0.269E-08   0.397E-08   0.563E-08   0.771E-08   0.103E-07
    0.700   0.211E-09   0.248E-09   0.398E-09   0.690E-09   0.117E-08   0.187E-08   0.286E-08   0.418E-08   0.589E-08   0.802E-08   0.106E-07
    0.800   0.277E-09   0.316E-09   0.475E-09   0.785E-09   0.129E-08   0.202E-08   0.305E-08   0.441E-08   0.615E-08   0.834E-08   0.110E-07
    0.900   0.350E-09   0.393E-09   0.561E-09   0.888E-09   0.141E-08   0.218E-08   0.324E-08   0.464E-08   0.643E-08   0.866E-08   0.114E-07
    1.000   0.433E-09   0.479E-09   0.655E-09   0.100E-08   0.155E-08   0.235E-08   0.344E-08   0.488E-08   0.672E-08   0.900E-08   0.118E-07
    1.100   0.525E-09   0.574E-09   0.759E-09   0.112E-08   0.169E-08   0.252E-08   0.365E-08   0.513E-08   0.701E-08   0.935E-08   0.122E-07
    1.200   0.626E-09   0.678E-09   0.872E-09   0.125E-08   0.185E-08   0.271E-08   0.387E-08   0.539E-08   0.732E-08   0.970E-08   0.126E-07
    1.300   0.736E-09   0.792E-09   0.994E-09   0.139E-08   0.201E-08   0.290E-08   0.410E-08   0.566E-08   0.764E-08   0.101E-07   0.130E-07
    1.400   0.855E-09   0.916E-09   0.113E-08   0.154E-08   0.218E-08   0.310E-08   0.434E-08   0.594E-08   0.797E-08   0.105E-07   0.135E-07
    1.500   0.984E-09   0.105E-08   0.127E-08   0.170E-08   0.236E-08   0.331E-08   0.459E-08   0.624E-08   0.831E-08   0.109E-07   0.139E-07
    1.600   0.112E-08   0.119E-08   0.142E-08   0.186E-08   0.256E-08   0.354E-08   0.485E-08   0.654E-08   0.866E-08   0.113E-07   0.144E-07
    1.700   0.127E-08   0.134E-08   0.158E-08   0.204E-08   0.276E-08   0.377E-08   0.512E-08   0.685E-08   0.902E-08   0.117E-07   0.149E-07
    1.800   0.143E-08   0.151E-08   0.176E-08   0.223E-08   0.297E-08   0.401E-08   0.540E-08   0.718E-08   0.940E-08   0.121E-07   0.154E-07
    1.900   0.160E-08   0.168E-08   0.194E-08   0.243E-08   0.320E-08   0.427E-08   0.569E-08   0.752E-08   0.979E-08   0.126E-07   0.159E-07
    2.000   0.177E-08   0.186E-08   0.213E-08   0.264E-08   0.343E-08   0.454E-08   0.600E-08   0.787E-08   0.102E-07   0.130E-07   0.164E-07
    2.100   0.196E-08   0.205E-08   0.234E-08   0.286E-08   0.368E-08   0.481E-08   0.632E-08   0.823E-08   0.106E-07   0.135E-07   0.169E-07
    2.200   0.216E-08   0.225E-08   0.255E-08   0.309E-08   0.393E-08   0.510E-08   0.665E-08   0.861E-08   0.110E-07   0.140E-07   0.175E-07
    2.300   0.237E-08   0.247E-08   0.278E-08   0.334E-08   0.420E-08   0.541E-08   0.699E-08   0.900E-08   0.115E-07   0.145E-07   0.181E-07
    2.400   0.259E-08   0.269E-08   0.301E-08   0.359E-08   0.448E-08   0.572E-08   0.734E-08   0.940E-08   0.119E-07   0.150E-07   0.186E-07
    2.500   0.282E-08   0.293E-08   0.326E-08   0.386E-08   0.478E-08   0.605E-08   0.771E-08   0.982E-08   0.124E-07   0.155E-07   0.192E-07
    2.600   0.306E-08   0.318E-08   0.352E-08   0.414E-08   0.508E-08   0.639E-08   0.810E-08   0.103E-07   0.129E-07   0.161E-07   0.199E-07
    2.700   0.331E-08   0.343E-08   0.380E-08   0.443E-08   0.540E-08   0.674E-08   0.849E-08   0.107E-07   0.134E-07   0.167E-07   0.205E-07
    2.800   0.358E-08   0.370E-08   0.408E-08   0.474E-08   0.574E-08   0.711E-08   0.890E-08   0.112E-07   0.139E-07   0.172E-07   0.212E-07
    2.900   0.386E-08   0.399E-08   0.438E-08   0.506E-08   0.608E-08   0.749E-08   0.933E-08   0.116E-07   0.145E-07   0.178E-07   0.218E-07
    3.000   0.415E-08   0.428E-08   0.469E-08   0.539E-08   0.644E-08   0.789E-08   0.977E-08   0.121E-07   0.150E-07   0.185E-07   0.225E-07
    3.100   0.445E-08   0.459E-08   0.501E-08   0.573E-08   0.682E-08   0.830E-08   0.102E-07   0.126E-07   0.156E-07   0.191E-07   0.233E-07
    3.200   0.476E-08   0.491E-08   0.534E-08   0.609E-08   0.720E-08   0.873E-08   0.107E-07   0.132E-07   0.162E-07   0.198E-07   0.240E-07
    3.300   0.509E-08   0.524E-08   0.569E-08   0.646E-08   0.761E-08   0.917E-08   0.112E-07   0.137E-07   0.168E-07   0.204E-07   0.248E-07
    3.400   0.543E-08   0.559E-08   0.605E-08   0.685E-08   0.803E-08   0.963E-08   0.117E-07   0.143E-07   0.174E-07   0.211E-07   0.255E-07
    3.500   0.579E-08   0.595E-08   0.643E-08   0.725E-08   0.846E-08   0.101E-07   0.122E-07   0.149E-07   0.181E-07   0.219E-07   0.263E-07
    3.600   0.616E-08   0.633E-08   0.682E-08   0.767E-08   0.891E-08   0.106E-07   0.128E-07   0.155E-07   0.187E-07   0.226E-07   0.272E-07
    3.700   0.654E-08   0.672E-08   0.723E-08   0.810E-08   0.938E-08   0.111E-07   0.133E-07   0.161E-07   0.194E-07   0.234E-07   0.280E-07
    3.800   0.694E-08   0.712E-08   0.765E-08   0.855E-08   0.986E-08   0.116E-07   0.139E-07   0.167E-07   0.201E-07   0.242E-07   0.289E-07
    3.900   0.736E-08   0.754E-08   0.809E-08   0.902E-08   0.104E-07   0.122E-07   0.145E-07   0.174E-07   0.209E-07   0.250E-07   0.298E-07
    4.000   0.779E-08   0.798E-08   0.855E-08   0.950E-08   0.109E-07   0.127E-07   0.151E-07   0.181E-07   0.216E-07   0.258E-07   0.307E-07
    4.100   0.824E-08   0.843E-08   0.902E-08   0.100E-07   0.114E-07   0.133E-07   0.158E-07   0.188E-07   0.224E-07   0.267E-07   0.317E-07
    4.200   0.870E-08   0.890E-08   0.951E-08   0.105E-07   0.120E-07   0.139E-07   0.164E-07   0.195E-07   0.232E-07   0.276E-07   0.326E-07
    4.300   0.918E-08   0.939E-08   0.100E-07   0.111E-07   0.126E-07   0.145E-07   0.171E-07   0.202E-07   0.240E-07   0.285E-07   0.337E-07
    4.400   0.968E-08   0.990E-08   0.105E-07   0.116E-07   0.131E-07   0.152E-07   0.178E-07   0.210E-07   0.249E-07   0.294E-07   0.347E-07
    4.500   0.102E-07   0.104E-07   0.111E-07   0.122E-07   0.138E-07   0.159E-07   0.185E-07   0.218E-07   0.257E-07   0.304E-07   0.358E-07
    4.600   0.107E-07   0.110E-07   0.116E-07   0.128E-07   0.144E-07   0.166E-07   0.193E-07   0.226E-07   0.266E-07   0.314E-07   0.369E-07
    4.700   0.113E-07   0.115E-07   0.122E-07   0.134E-07   0.151E-07   0.173E-07   0.201E-07   0.235E-07   0.276E-07   0.324E-07   0.380E-07
    4.800   0.119E-07   0.121E-07   0.128E-07   0.140E-07   0.157E-07   0.180E-07   0.209E-07   0.244E-07   0.285E-07   0.335E-07   0.392E-07
    4.900   0.125E-07   0.127E-07   0.135E-07   0.147E-07   0.164E-07   0.188E-07   0.217E-07   0.253E-07   0.295E-07   0.346E-07   0.404E-07
    5.000   0.131E-07   0.133E-07   0.141E-07   0.154E-07   0.172E-07   0.196E-07   0.225E-07   0.262E-07   0.306E-07   0.357E-07   0.416E-07
    5.100   0.137E-07   0.140E-07   0.148E-07   0.161E-07   0.179E-07   0.204E-07   0.234E-07   0.272E-07   0.316E-07   0.368E-07   0.429E-07
    5.200   0.144E-07   0.147E-07   0.155E-07   0.168E-07   0.187E-07   0.212E-07   0.243E-07   0.282E-07   0.327E-07   0.380E-07   0.442E-07
    5.300   0.151E-07   0.154E-07   0.162E-07   0.176E-07   0.195E-07   0.221E-07   0.253E-07   0.292E-07   0.338E-07   0.393E-07   0.455E-07
    5.400   0.158E-07   0.161E-07   0.169E-07   0.184E-07   0.204E-07   0.230E-07   0.263E-07   0.303E-07   0.350E-07   0.405E-07   0.469E-07
    5.500   0.166E-07   0.168E-07   0.177E-07   0.192E-07   0.212E-07   0.239E-07   0.273E-07   0.313E-07   0.362E-07   0.418E-07   0.483E-07
    5.600   0.173E-07   0.176E-07   0.185E-07   0.200E-07   0.221E-07   0.249E-07   0.283E-07   0.325E-07   0.374E-07   0.432E-07   0.498E-07
    5.700   0.181E-07   0.184E-07   0.193E-07   0.209E-07   0.230E-07   0.259E-07   0.294E-07   0.336E-07   0.387E-07   0.446E-07   0.513E-07
    5.800   0.189E-07   0.193E-07   0.202E-07   0.218E-07   0.240E-07   0.269E-07   0.305E-07   0.349E-07   0.400E-07   0.460E-07   0.529E-07
    5.900   0.198E-07   0.201E-07   0.211E-07   0.227E-07   0.250E-07   0.280E-07   0.316E-07   0.361E-07   0.414E-07   0.475E-07   0.545E-07
    6.000   0.207E-07   0.210E-07   0.220E-07   0.237E-07   0.260E-07   0.291E-07   0.328E-07   0.374E-07   0.428E-07   0.490E-07   0.561E-07
    6.100   0.216E-07   0.220E-07   0.230E-07   0.247E-07   0.271E-07   0.302E-07   0.341E-07   0.387E-07   0.442E-07   0.506E-07   0.578E-07
    6.200   0.226E-07   0.229E-07   0.240E-07   0.257E-07   0.282E-07   0.314E-07   0.353E-07   0.401E-07   0.457E-07   0.522E-07   0.596E-07
    6.300   0.236E-07   0.239E-07   0.250E-07   0.268E-07   0.293E-07   0.326E-07   0.366E-07   0.415E-07   0.472E-07   0.539E-07   0.614E-07
    6.400   0.246E-07   0.249E-07   0.261E-07   0.279E-07   0.305E-07   0.338E-07   0.380E-07   0.430E-07   0.488E-07   0.556E-07   0.633E-07
    6.500   0.256E-07   0.260E-07   0.272E-07   0.291E-07   0.317E-07   0.351E-07   0.394E-07   0.445E-07   0.505E-07   0.574E-07   0.652E-07
    6.600   0.267E-07   0.271E-07   0.283E-07   0.302E-07   0.330E-07   0.365E-07   0.408E-07   0.461E-07   0.522E-07   0.592E-07   0.672E-07
    6.700   0.279E-07   0.283E-07   0.295E-07   0.315E-07   0.343E-07   0.379E-07   0.423E-07   0.477E-07   0.539E-07   0.611E-07   0.693E-07
    6.800   0.291E-07   0.295E-07   0.307E-07   0.328E-07   0.356E-07   0.393E-07   0.439E-07   0.494E-07   0.557E-07   0.631E-07   0.714E-07
    6.900   0.303E-07   0.307E-07   0.320E-07   0.341E-07   0.370E-07   0.408E-07   0.455E-07   0.511E-07   0.576E-07   0.651E-07   0.736E-07
    7.000   0.316E-07   0.320E-07   0.333E-07   0.355E-07   0.385E-07   0.424E-07   0.472E-07   0.529E-07   0.596E-07   0.672E-07   0.758E-07
    7.100   0.329E-07   0.334E-07   0.347E-07   0.369E-07   0.400E-07   0.440E-07   0.489E-07   0.547E-07   0.616E-07   0.694E-07   0.781E-07
    7.200   0.343E-07   0.347E-07   0.361E-07   0.384E-07   0.416E-07   0.457E-07   0.507E-07   0.567E-07   0.636E-07   0.716E-07   0.805E-07
    7.300   0.357E-07   0.362E-07   0.376E-07   0.399E-07   0.432E-07   0.474E-07   0.525E-07   0.586E-07   0.658E-07   0.739E-07   0.830E-07
    7.400   0.372E-07   0.377E-07   0.391E-07   0.415E-07   0.449E-07   0.492E-07   0.544E-07   0.607E-07   0.680E-07   0.763E-07   0.856E-07
    7.500   0.387E-07   0.392E-07   0.407E-07   0.432E-07   0.466E-07   0.510E-07   0.564E-07   0.628E-07   0.703E-07   0.787E-07   0.882E-07
    7.600   0.404E-07   0.409E-07   0.424E-07   0.449E-07   0.484E-07   0.530E-07   0.585E-07   0.650E-07   0.726E-07   0.813E-07   0.909E-07
    7.700   0.420E-07   0.425E-07   0.441E-07   0.467E-07   0.503E-07   0.549E-07   0.606E-07   0.673E-07   0.751E-07   0.839E-07   0.937E-07
    7.800   0.438E-07   0.443E-07   0.459E-07   0.486E-07   0.523E-07   0.570E-07   0.628E-07   0.697E-07   0.776E-07   0.866E-07   0.966E-07
    7.900   0.456E-07   0.461E-07   0.478E-07   0.505E-07   0.543E-07   0.592E-07   0.651E-07   0.721E-07   0.803E-07   0.894E-07   0.996E-07
    8.000   0.474E-07   0.480E-07   0.497E-07   0.525E-07   0.564E-07   0.614E-07   0.675E-07   0.747E-07   0.830E-07   0.923E-07   0.103E-06
    8.100   0.494E-07   0.500E-07   0.517E-07   0.546E-07   0.586E-07   0.637E-07   0.700E-07   0.773E-07   0.858E-07   0.953E-07   0.106E-06
    8.200   0.514E-07   0.520E-07   0.538E-07   0.567E-07   0.609E-07   0.661E-07   0.725E-07   0.801E-07   0.887E-07   0.985E-07   0.109E-06
    8.300   0.535E-07   0.541E-07   0.560E-07   0.590E-07   0.632E-07   0.686E-07   0.752E-07   0.829E-07   0.917E-07   0.102E-06   0.113E-06
    8.400   0.557E-07   0.564E-07   0.582E-07   0.614E-07   0.657E-07   0.712E-07   0.779E-07   0.858E-07   0.949E-07   0.105E-06   0.116E-06
    8.500   0.580E-07   0.587E-07   0.606E-07   0.638E-07   0.683E-07   0.739E-07   0.808E-07   0.889E-07   0.981E-07   0.108E-06   0.120E-06
    8.600   0.604E-07   0.611E-07   0.631E-07   0.664E-07   0.709E-07   0.767E-07   0.838E-07   0.921E-07   0.101E-06   0.112E-06   0.124E-06
    8.700   0.629E-07   0.636E-07   0.656E-07   0.690E-07   0.737E-07   0.797E-07   0.869E-07   0.953E-07   0.105E-06   0.116E-06   0.128E-06
    8.800   0.655E-07   0.662E-07   0.683E-07   0.718E-07   0.766E-07   0.827E-07   0.901E-07   0.988E-07   0.109E-06   0.120E-06   0.132E-06
    8.900   0.682E-07   0.690E-07   0.711E-07   0.747E-07   0.796E-07   0.859E-07   0.935E-07   0.102E-06   0.112E-06   0.124E-06   0.136E-06
    9.000   0.711E-07   0.718E-07   0.740E-07   0.777E-07   0.827E-07   0.892E-07   0.970E-07   0.106E-06   0.116E-06   0.128E-06   0.140E-06
    9.100   0.740E-07   0.748E-07   0.771E-07   0.808E-07   0.860E-07   0.926E-07   0.101E-06   0.110E-06   0.120E-06   0.132E-06   0.145E-06
    9.200   0.771E-07   0.779E-07   0.802E-07   0.841E-07   0.894E-07   0.962E-07   0.104E-06   0.114E-06   0.125E-06   0.136E-06   0.149E-06
    9.300   0.804E-07   0.812E-07   0.835E-07   0.875E-07   0.930E-07   0.999E-07   0.108E-06   0.118E-06   0.129E-06   0.141E-06   0.154E-06
    9.400   0.837E-07   0.845E-07   0.870E-07   0.911E-07   0.967E-07   0.104E-06   0.112E-06   0.122E-06   0.133E-06   0.146E-06   0.159E-06
    9.500   0.873E-07   0.881E-07   0.906E-07   0.948E-07   0.101E-06   0.108E-06   0.117E-06   0.127E-06   0.138E-06   0.151E-06   0.164E-06
    9.600   0.909E-07   0.918E-07   0.944E-07   0.987E-07   0.105E-06   0.112E-06   0.121E-06   0.131E-06   0.143E-06   0.156E-06   0.169E-06
    9.700   0.948E-07   0.957E-07   0.984E-07   0.103E-06   0.109E-06   0.117E-06   0.126E-06   0.136E-06   0.148E-06   0.161E-06   0.175E-06
    9.800   0.988E-07   0.998E-07   0.102E-06   0.107E-06   0.113E-06   0.121E-06   0.131E-06   0.141E-06   0.153E-06   0.167E-06   0.180E-06
    9.900   0.103E-06   0.104E-06   0.107E-06   0.111E-06   0.118E-06   0.126E-06   0.136E-06   0.147E-06   0.159E-06   0.172E-06   0.186E-06
   10.000   0.108E-06   0.108E-06   0.111E-06   0.116E-06   0.123E-06   0.131E-06   0.141E-06   0.152E-06   0.165E-06   0.178E-06   0.192E-06
   10.100   0.112E-06   0.113E-06   0.116E-06   0.121E-06   0.128E-06   0.136E-06   0.146E-06   0.158E-06   0.170E-06   0.184E-06   0.199E-06
   10.200   0.117E-06   0.118E-06   0.121E-06   0.126E-06   0.133E-06   0.142E-06   0.152E-06   0.164E-06   0.177E-06   0.191E-06   0.205E-06
   10.300   0.122E-06   0.123E-06   0.126E-06   0.131E-06   0.139E-06   0.147E-06   0.158E-06   0.170E-06   0.183E-06   0.197E-06   0.212E-06
   10.400   0.128E-06   0.129E-06   0.132E-06   0.137E-06   0.144E-06   0.153E-06   0.164E-06   0.176E-06   0.190E-06   0.204E-06   0.219E-06
   10.500   0.133E-06   0.134E-06   0.138E-06   0.143E-06   0.150E-06   0.160E-06   0.171E-06   0.183E-06   0.197E-06   0.211E-06   0.226E-06
   10.600   0.139E-06   0.140E-06   0.144E-06   0.149E-06   0.157E-06   0.166E-06   0.177E-06   0.190E-06   0.204E-06   0.218E-06   0.233E-06
   10.700   0.145E-06   0.146E-06   0.150E-06   0.156E-06   0.163E-06   0.173E-06   0.185E-06   0.197E-06   0.211E-06   0.226E-06   0.241E-06
   10.800   0.152E-06   0.153E-06   0.157E-06   0.162E-06   0.170E-06   0.180E-06   0.192E-06   0.205E-06   0.219E-06   0.234E-06   0.249E-06
   10.900   0.159E-06   0.160E-06   0.164E-06   0.169E-06   0.178E-06   0.188E-06   0.200E-06   0.213E-06   0.227E-06   0.242E-06   0.257E-06
   11.000   0.166E-06   0.167E-06   0.171E-06   0.177E-06   0.185E-06   0.196E-06   0.208E-06   0.221E-06   0.236E-06   0.251E-06   0.266E-06
   11.100   0.173E-06   0.175E-06   0.179E-06   0.185E-06   0.193E-06   0.204E-06   0.216E-06   0.230E-06   0.244E-06   0.259E-06   0.274E-06
   11.200   0.181E-06   0.183E-06   0.187E-06   0.193E-06   0.202E-06   0.213E-06   0.225E-06   0.239E-06   0.253E-06   0.268E-06   0.283E-06
   11.300   0.190E-06   0.191E-06   0.195E-06   0.202E-06   0.211E-06   0.222E-06   0.234E-06   0.248E-06   0.263E-06   0.278E-06   0.292E-06
   11.400   0.199E-06   0.200E-06   0.204E-06   0.211E-06   0.220E-06   0.231E-06   0.244E-06   0.258E-06   0.273E-06   0.287E-06   0.302E-06
   11.500   0.208E-06   0.210E-06   0.214E-06   0.221E-06   0.230E-06   0.241E-06   0.254E-06   0.268E-06   0.283E-06   0.297E-06   0.312E-06
   11.600   0.218E-06   0.219E-06   0.224E-06   0.231E-06   0.240E-06   0.251E-06   0.264E-06   0.279E-06   0.293E-06   0.308E-06   0.322E-06
   11.700   0.228E-06   0.230E-06   0.234E-06   0.241E-06   0.251E-06   0.262E-06   0.275E-06   0.290E-06   0.304E-06   0.319E-06   0.332E-06
   11.800   0.239E-06   0.241E-06   0.245E-06   0.252E-06   0.262E-06   0.274E-06   0.287E-06   0.301E-06   0.315E-06   0.330E-06   0.343E-06
   11.900   0.251E-06   0.252E-06   0.257E-06   0.264E-06   0.274E-06   0.286E-06   0.299E-06   0.313E-06   0.327E-06   0.341E-06   0.354E-06
   12.000   0.263E-06   0.265E-06   0.269E-06   0.276E-06   0.286E-06   0.298E-06   0.311E-06   0.325E-06   0.339E-06   0.353E-06   0.365E-06
   12.100   0.276E-06   0.277E-06   0.282E-06   0.289E-06   0.299E-06   0.311E-06   0.324E-06   0.338E-06   0.352E-06   0.365E-06   0.376E-06
   12.200   0.289E-06   0.291E-06   0.296E-06   0.303E-06   0.313E-06   0.325E-06   0.338E-06   0.351E-06   0.365E-06   0.377E-06   0.388E-06
   12.300   0.304E-06   0.305E-06   0.310E-06   0.317E-06   0.327E-06   0.339E-06   0.352E-06   0.365E-06   0.378E-06   0.390E-06   0.400E-06
   12.400   0.319E-06   0.320E-06   0.325E-06   0.333E-06   0.342E-06   0.354E-06   0.367E-06   0.380E-06   0.392E-06   0.403E-06   0.412E-06
   12.500   0.335E-06   0.336E-06   0.341E-06   0.348E-06   0.358E-06   0.370E-06   0.382E-06   0.394E-06   0.406E-06   0.416E-06   0.425E-06
   12.600   0.351E-06   0.353E-06   0.358E-06   0.365E-06   0.375E-06   0.386E-06   0.398E-06   0.410E-06   0.421E-06   0.430E-06   0.437E-06
   12.700   0.369E-06   0.370E-06   0.375E-06   0.382E-06   0.392E-06   0.403E-06   0.414E-06   0.425E-06   0.436E-06   0.444E-06   0.450E-06
   12.800   0.387E-06   0.389E-06   0.393E-06   0.401E-06   0.410E-06   0.420E-06   0.431E-06   0.442E-06   0.451E-06   0.458E-06   0.463E-06
   12.900   0.407E-06   0.408E-06   0.413E-06   0.420E-06   0.429E-06   0.439E-06   0.449E-06   0.458E-06   0.466E-06   0.472E-06   0.476E-06
   13.000   0.427E-06   0.429E-06   0.433E-06   0.440E-06   0.448E-06   0.458E-06   0.467E-06   0.476E-06   0.482E-06   0.487E-06   0.489E-06
   13.100   0.449E-06   0.450E-06   0.454E-06   0.460E-06   0.468E-06   0.477E-06   0.486E-06   0.493E-06   0.499E-06   0.502E-06   0.502E-06
   13.200   0.471E-06   0.472E-06   0.476E-06   0.482E-06   0.489E-06   0.497E-06   0.505E-06   0.511E-06   0.515E-06   0.517E-06   0.515E-06
   13.300   0.494E-06   0.496E-06   0.499E-06   0.505E-06   0.511E-06   0.518E-06   0.524E-06   0.529E-06   0.532E-06   0.532E-06   0.529E-06
   13.400   0.519E-06   0.520E-06   0.523E-06   0.528E-06   0.534E-06   0.540E-06   0.545E-06   0.548E-06   0.549E-06   0.547E-06   0.542E-06
   13.500   0.544E-06   0.545E-06   0.548E-06   0.552E-06   0.557E-06   0.562E-06   0.565E-06   0.567E-06   0.566E-06   0.562E-06   0.555E-06
   13.600   0.570E-06   0.571E-06   0.573E-06   0.577E-06   0.581E-06   0.584E-06   0.586E-06   0.586E-06   0.583E-06   0.577E-06   0.568E-06
   13.700   0.597E-06   0.598E-06   0.600E-06   0.602E-06   0.605E-06   0.607E-06   0.607E-06   0.605E-06   0.600E-06   0.592E-06   0.580E-06
   13.800   0.625E-06   0.625E-06   0.627E-06   0.628E-06   0.630E-06   0.630E-06   0.628E-06   0.624E-06   0.617E-06   0.606E-06   0.593E-06
   13.900   0.653E-06   0.654E-06   0.654E-06   0.655E-06   0.655E-06   0.653E-06   0.650E-06   0.643E-06   0.634E-06   0.621E-06   0.605E-06
   14.000   0.683E-06   0.683E-06   0.683E-06   0.682E-06   0.680E-06   0.677E-06   0.671E-06   0.662E-06   0.650E-06   0.635E-06   0.617E-06
   14.100   0.712E-06   0.712E-06   0.711E-06   0.709E-06   0.706E-06   0.700E-06   0.692E-06   0.681E-06   0.667E-06   0.649E-06   0.629E-06
   14.200   0.742E-06   0.741E-06   0.740E-06   0.737E-06   0.732E-06   0.724E-06   0.713E-06   0.699E-06   0.682E-06   0.662E-06   0.640E-06
   14.300   0.772E-06   0.771E-06   0.769E-06   0.764E-06   0.757E-06   0.747E-06   0.734E-06   0.718E-06   0.698E-06   0.675E-06   0.650E-06
   14.400   0.802E-06   0.801E-06   0.797E-06   0.791E-06   0.782E-06   0.770E-06   0.754E-06   0.735E-06   0.713E-06   0.688E-06   0.661E-06
   14.500   0.831E-06   0.830E-06   0.825E-06   0.818E-06   0.807E-06   0.792E-06   0.774E-06   0.752E-06   0.727E-06   0.700E-06   0.670E-06
   14.600   0.860E-06   0.859E-06   0.853E-06   0.844E-06   0.831E-06   0.814E-06   0.793E-06   0.768E-06   0.741E-06   0.711E-06   0.679E-06
   14.700   0.889E-06   0.887E-06   0.880E-06   0.869E-06   0.854E-06   0.834E-06   0.811E-06   0.784E-06   0.754E-06   0.721E-06   0.687E-06
   14.800   0.916E-06   0.914E-06   0.906E-06   0.893E-06   0.876E-06   0.854E-06   0.828E-06   0.798E-06   0.766E-06   0.731E-06   0.695E-06
   14.900   0.942E-06   0.939E-06   0.931E-06   0.917E-06   0.897E-06   0.873E-06   0.844E-06   0.812E-06   0.777E-06   0.740E-06   0.701E-06
   15.000   0.967E-06   0.964E-06   0.954E-06   0.938E-06   0.917E-06   0.890E-06   0.859E-06   0.824E-06   0.787E-06   0.747E-06   0.707E-06
   15.100   0.990E-06   0.986E-06   0.976E-06   0.959E-06   0.935E-06   0.906E-06   0.873E-06   0.836E-06   0.796E-06   0.754E-06   0.712E-06
   15.200   0.101E-05   0.101E-05   0.996E-06   0.977E-06   0.952E-06   0.921E-06   0.885E-06   0.846E-06   0.804E-06   0.760E-06   0.717E-06
   15.300   0.103E-05   0.103E-05   0.101E-05   0.994E-06   0.967E-06   0.934E-06   0.896E-06   0.854E-06   0.810E-06   0.765E-06   0.720E-06
   15.400   0.105E-05   0.104E-05   0.103E-05   0.101E-05   0.980E-06   0.945E-06   0.905E-06   0.862E-06   0.816E-06   0.769E-06   0.723E-06
   15.500   0.106E-05   0.106E-05   0.104E-05   0.102E-05   0.991E-06   0.954E-06   0.913E-06   0.867E-06   0.820E-06   0.772E-06   0.724E-06
   15.600   0.107E-05   0.107E-05   0.106E-05   0.103E-05   0.100E-05   0.962E-06   0.919E-06   0.872E-06   0.823E-06   0.774E-06   0.725E-06
   15.700   0.108E-05   0.108E-05   0.106E-05   0.104E-05   0.101E-05   0.967E-06   0.923E-06   0.875E-06   0.825E-06   0.775E-06   0.725E-06
   15.800   0.109E-05   0.109E-05   0.107E-05   0.105E-05   0.101E-05   0.971E-06   0.925E-06   0.876E-06   0.825E-06   0.774E-06   0.724E-06
   15.900   0.110E-05   0.109E-05   0.107E-05   0.105E-05   0.101E-05   0.973E-06   0.926E-06   0.876E-06   0.825E-06   0.773E-06   0.722E-06
   16.000   0.110E-05   0.109E-05   0.108E-05   0.105E-05   0.101E-05   0.972E-06   0.925E-06   0.875E-06   0.823E-06   0.770E-06   0.719E-06
   16.100   0.110E-05   0.109E-05   0.107E-05   0.105E-05   0.101E-05   0.970E-06   0.922E-06   0.872E-06   0.819E-06   0.767E-06   0.716E-06
   16.200   0.109E-05   0.109E-05   0.107E-05   0.104E-05   0.101E-05   0.966E-06   0.918E-06   0.867E-06   0.815E-06   0.762E-06   0.711E-06
   16.300   0.109E-05   0.108E-05   0.106E-05   0.104E-05   0.100E-05   0.960E-06   0.912E-06   0.861E-06   0.809E-06   0.757E-06   0.706E-06
   16.400   0.108E-05   0.107E-05   0.106E-05   0.103E-05   0.994E-06   0.952E-06   0.904E-06   0.854E-06   0.802E-06   0.751E-06   0.700E-06
   16.500   0.107E-05   0.106E-05   0.105E-05   0.102E-05   0.984E-06   0.942E-06   0.895E-06   0.846E-06   0.795E-06   0.744E-06   0.694E-06
   16.600   0.105E-05   0.105E-05   0.103E-05   0.101E-05   0.972E-06   0.931E-06   0.885E-06   0.836E-06   0.786E-06   0.736E-06   0.687E-06
   16.700   0.104E-05   0.103E-05   0.102E-05   0.992E-06   0.958E-06   0.918E-06   0.873E-06   0.825E-06   0.776E-06   0.727E-06   0.679E-06
   16.800   0.102E-05   0.102E-05   0.100E-05   0.975E-06   0.943E-06   0.904E-06   0.860E-06   0.814E-06   0.766E-06   0.718E-06   0.670E-06
   16.900   0.100E-05   0.996E-06   0.981E-06   0.958E-06   0.926E-06   0.888E-06   0.846E-06   0.801E-06   0.755E-06   0.708E-06   0.662E-06
   17.000   0.980E-06   0.975E-06   0.961E-06   0.938E-06   0.908E-06   0.872E-06   0.831E-06   0.788E-06   0.743E-06   0.697E-06   0.652E-06
   17.100   0.958E-06   0.953E-06   0.940E-06   0.918E-06   0.889E-06   0.855E-06   0.816E-06   0.774E-06   0.730E-06   0.686E-06   0.643E-06
   17.200   0.935E-06   0.930E-06   0.918E-06   0.897E-06   0.870E-06   0.837E-06   0.799E-06   0.759E-06   0.717E-06   0.675E-06   0.633E-06
   17.300   0.911E-06   0.906E-06   0.894E-06   0.875E-06   0.849E-06   0.818E-06   0.782E-06   0.744E-06   0.704E-06   0.663E-06   0.623E-06
   17.400   0.886E-06   0.882E-06   0.871E-06   0.853E-06   0.828E-06   0.799E-06   0.765E-06   0.729E-06   0.690E-06   0.651E-06   0.612E-06
   17.500   0.861E-06   0.857E-06   0.847E-06   0.830E-06   0.807E-06   0.779E-06   0.747E-06   0.713E-06   0.676E-06   0.639E-06   0.601E-06
   17.600   0.835E-06   0.832E-06   0.822E-06   0.807E-06   0.785E-06   0.759E-06   0.729E-06   0.697E-06   0.662E-06   0.626E-06   0.590E-06
   17.700   0.810E-06   0.807E-06   0.798E-06   0.783E-06   0.764E-06   0.739E-06   0.711E-06   0.681E-06   0.648E-06   0.614E-06   0.579E-06
   17.800   0.785E-06   0.782E-06   0.774E-06   0.760E-06   0.742E-06   0.719E-06   0.693E-06   0.664E-06   0.633E-06   0.601E-06   0.568E-06
   17.900   0.760E-06   0.757E-06   0.750E-06   0.737E-06   0.720E-06   0.700E-06   0.675E-06   0.648E-06   0.619E-06   0.588E-06   0.557E-06
   18.000   0.735E-06   0.733E-06   0.726E-06   0.715E-06   0.699E-06   0.680E-06   0.657E-06   0.632E-06   0.604E-06   0.576E-06   0.546E-06
   18.100   0.711E-06   0.709E-06   0.703E-06   0.692E-06   0.678E-06   0.660E-06   0.639E-06   0.616E-06   0.590E-06   0.563E-06   0.535E-06
   18.200   0.687E-06   0.685E-06   0.680E-06   0.670E-06   0.657E-06   0.641E-06   0.622E-06   0.600E-06   0.576E-06   0.550E-06   0.524E-06
   18.300   0.664E-06   0.662E-06   0.657E-06   0.649E-06   0.637E-06   0.622E-06   0.605E-06   0.584E-06   0.562E-06   0.538E-06   0.513E-06
   18.400   0.642E-06   0.640E-06   0.636E-06   0.628E-06   0.617E-06   0.604E-06   0.588E-06   0.569E-06   0.548E-06   0.525E-06   0.502E-06
   18.500   0.620E-06   0.619E-06   0.615E-06   0.608E-06   0.598E-06   0.586E-06   0.571E-06   0.554E-06   0.534E-06   0.513E-06   0.491E-06
   18.600   0.599E-06   0.598E-06   0.594E-06   0.588E-06   0.579E-06   0.568E-06   0.555E-06   0.539E-06   0.521E-06   0.501E-06   0.480E-06
   18.700   0.578E-06   0.577E-06   0.574E-06   0.569E-06   0.561E-06   0.551E-06   0.539E-06   0.524E-06   0.508E-06   0.489E-06   0.469E-06
   18.800   0.559E-06   0.558E-06   0.555E-06   0.550E-06   0.544E-06   0.535E-06   0.523E-06   0.510E-06   0.495E-06   0.478E-06   0.459E-06
   18.900   0.540E-06   0.539E-06   0.537E-06   0.533E-06   0.527E-06   0.518E-06   0.508E-06   0.496E-06   0.482E-06   0.466E-06   0.449E-06
   19.000   0.522E-06   0.521E-06   0.519E-06   0.515E-06   0.510E-06   0.503E-06   0.494E-06   0.483E-06   0.470E-06   0.455E-06   0.439E-06
   19.100   0.504E-06   0.504E-06   0.502E-06   0.499E-06   0.494E-06   0.488E-06   0.480E-06   0.470E-06   0.458E-06   0.444E-06   0.429E-06
   19.200   0.487E-06   0.487E-06   0.485E-06   0.483E-06   0.479E-06   0.473E-06   0.466E-06   0.457E-06   0.446E-06   0.433E-06   0.419E-06
   19.300   0.471E-06   0.471E-06   0.470E-06   0.467E-06   0.464E-06   0.459E-06   0.453E-06   0.444E-06   0.434E-06   0.423E-06   0.410E-06
   19.400   0.456E-06   0.455E-06   0.454E-06   0.453E-06   0.450E-06   0.445E-06   0.440E-06   0.432E-06   0.423E-06   0.413E-06   0.400E-06
   19.500   0.441E-06   0.441E-06   0.440E-06   0.438E-06   0.436E-06   0.432E-06   0.427E-06   0.421E-06   0.412E-06   0.403E-06   0.391E-06
   19.600   0.427E-06   0.426E-06   0.426E-06   0.425E-06   0.423E-06   0.419E-06   0.415E-06   0.409E-06   0.402E-06   0.393E-06   0.382E-06
   19.700   0.413E-06   0.413E-06   0.412E-06   0.411E-06   0.410E-06   0.407E-06   0.403E-06   0.398E-06   0.392E-06   0.383E-06   0.374E-06
   19.800   0.400E-06   0.400E-06   0.400E-06   0.399E-06   0.398E-06   0.395E-06   0.392E-06   0.388E-06   0.382E-06   0.374E-06   0.365E-06
   19.900   0.387E-06   0.387E-06   0.387E-06   0.387E-06   0.386E-06   0.384E-06   0.381E-06   0.377E-06   0.372E-06   0.365E-06   0.357E-06
   20.000   0.375E-06   0.375E-06   0.375E-06   0.375E-06   0.374E-06   0.373E-06   0.371E-06   0.367E-06   0.363E-06   0.357E-06   0.349E-06
   20.100   0.364E-06   0.364E-06   0.364E-06   0.364E-06   0.364E-06   0.363E-06   0.361E-06   0.358E-06   0.354E-06   0.348E-06   0.341E-06
   20.200   0.353E-06   0.353E-06   0.353E-06   0.353E-06   0.353E-06   0.352E-06   0.351E-06   0.349E-06   0.345E-06   0.340E-06   0.334E-06
   20.300   0.342E-06   0.342E-06   0.343E-06   0.343E-06   0.343E-06   0.343E-06   0.342E-06   0.340E-06   0.336E-06   0.332E-06   0.326E-06
   20.400   0.332E-06   0.332E-06   0.333E-06   0.333E-06   0.333E-06   0.333E-06   0.332E-06   0.331E-06   0.328E-06   0.324E-06   0.319E-06
   20.500   0.323E-06   0.323E-06   0.323E-06   0.324E-06   0.324E-06   0.324E-06   0.324E-06   0.322E-06   0.320E-06   0.317E-06   0.312E-06
   20.600   0.313E-06   0.313E-06   0.314E-06   0.314E-06   0.315E-06   0.315E-06   0.315E-06   0.314E-06   0.312E-06   0.309E-06   0.305E-06
   20.700   0.304E-06   0.304E-06   0.305E-06   0.306E-06   0.306E-06   0.307E-06   0.307E-06   0.306E-06   0.305E-06   0.302E-06   0.298E-06
   20.800   0.296E-06   0.296E-06   0.296E-06   0.297E-06   0.298E-06   0.299E-06   0.299E-06   0.299E-06   0.298E-06   0.295E-06   0.292E-06
   20.900   0.287E-06   0.288E-06   0.288E-06   0.289E-06   0.290E-06   0.291E-06   0.292E-06   0.291E-06   0.291E-06   0.289E-06   0.286E-06
   21.000   0.280E-06   0.280E-06   0.280E-06   0.281E-06   0.283E-06   0.284E-06   0.284E-06   0.284E-06   0.284E-06   0.282E-06   0.279E-06
   21.100   0.272E-06   0.272E-06   0.273E-06   0.274E-06   0.275E-06   0.276E-06   0.277E-06   0.277E-06   0.277E-06   0.276E-06   0.273E-06
   21.200   0.265E-06   0.265E-06   0.266E-06   0.267E-06   0.268E-06   0.269E-06   0.270E-06   0.271E-06   0.271E-06   0.270E-06   0.268E-06
   21.300   0.258E-06   0.258E-06   0.259E-06   0.260E-06   0.261E-06   0.263E-06   0.264E-06   0.264E-06   0.265E-06   0.264E-06   0.262E-06
   21.400   0.251E-06   0.251E-06   0.252E-06   0.253E-06   0.255E-06   0.256E-06   0.257E-06   0.258E-06   0.259E-06   0.258E-06   0.257E-06
   21.500   0.244E-06   0.245E-06   0.246E-06   0.247E-06   0.248E-06   0.250E-06   0.251E-06   0.252E-06   0.253E-06   0.252E-06   0.251E-06
   21.600   0.238E-06   0.239E-06   0.239E-06   0.241E-06   0.242E-06   0.244E-06   0.245E-06   0.246E-06   0.247E-06   0.247E-06   0.246E-06
   21.700   0.232E-06   0.233E-06   0.233E-06   0.235E-06   0.236E-06   0.238E-06   0.239E-06   0.241E-06   0.242E-06   0.242E-06   0.241E-06
   21.800   0.226E-06   0.227E-06   0.228E-06   0.229E-06   0.230E-06   0.232E-06   0.234E-06   0.235E-06   0.236E-06   0.237E-06   0.236E-06
   21.900   0.221E-06   0.221E-06   0.222E-06   0.223E-06   0.225E-06   0.227E-06   0.229E-06   0.230E-06   0.231E-06   0.232E-06   0.231E-06
   22.000   0.216E-06   0.216E-06   0.217E-06   0.218E-06   0.220E-06   0.222E-06   0.223E-06   0.225E-06   0.226E-06   0.227E-06   0.227E-06
   22.100   0.210E-06   0.211E-06   0.212E-06   0.213E-06   0.215E-06   0.216E-06   0.218E-06   0.220E-06   0.221E-06   0.222E-06   0.222E-06
   22.200   0.205E-06   0.206E-06   0.207E-06   0.208E-06   0.210E-06   0.212E-06   0.213E-06   0.215E-06   0.217E-06   0.218E-06   0.218E-06
   22.300   0.201E-06   0.201E-06   0.202E-06   0.203E-06   0.205E-06   0.207E-06   0.209E-06   0.211E-06   0.212E-06   0.213E-06   0.213E-06
   22.400   0.196E-06   0.196E-06   0.197E-06   0.198E-06   0.200E-06   0.202E-06   0.204E-06   0.206E-06   0.208E-06   0.209E-06   0.209E-06
   22.500   0.192E-06   0.192E-06   0.193E-06   0.194E-06   0.196E-06   0.198E-06   0.200E-06   0.202E-06   0.203E-06   0.205E-06   0.205E-06
   22.600   0.187E-06   0.188E-06   0.188E-06   0.190E-06   0.191E-06   0.193E-06   0.196E-06   0.198E-06   0.199E-06   0.201E-06   0.201E-06
   22.700   0.183E-06   0.183E-06   0.184E-06   0.186E-06   0.187E-06   0.189E-06   0.191E-06   0.193E-06   0.195E-06   0.197E-06   0.198E-06
   22.800   0.179E-06   0.179E-06   0.180E-06   0.182E-06   0.183E-06   0.185E-06   0.187E-06   0.189E-06   0.191E-06   0.193E-06   0.194E-06
   22.900   0.175E-06   0.175E-06   0.176E-06   0.178E-06   0.179E-06   0.181E-06   0.184E-06   0.186E-06   0.188E-06   0.189E-06   0.190E-06
   23.000   0.171E-06   0.172E-06   0.173E-06   0.174E-06   0.176E-06   0.178E-06   0.180E-06   0.182E-06   0.184E-06   0.186E-06   0.187E-06
   23.100   0.168E-06   0.168E-06   0.169E-06   0.170E-06   0.172E-06   0.174E-06   0.176E-06   0.178E-06   0.180E-06   0.182E-06   0.183E-06
   23.200   0.164E-06   0.165E-06   0.165E-06   0.167E-06   0.168E-06   0.170E-06   0.173E-06   0.175E-06   0.177E-06   0.179E-06   0.180E-06
   23.300   0.161E-06   0.161E-06   0.162E-06   0.163E-06   0.165E-06   0.167E-06   0.169E-06   0.171E-06   0.173E-06   0.175E-06   0.177E-06
   23.400   0.158E-06   0.158E-06   0.159E-06   0.160E-06   0.162E-06   0.164E-06   0.166E-06   0.168E-06   0.170E-06   0.172E-06   0.173E-06
   23.500   0.154E-06   0.155E-06   0.155E-06   0.157E-06   0.158E-06   0.160E-06   0.163E-06   0.165E-06   0.167E-06   0.169E-06   0.170E-06
   23.600   0.151E-06   0.151E-06   0.152E-06   0.154E-06   0.155E-06   0.157E-06   0.159E-06   0.162E-06   0.164E-06   0.166E-06   0.167E-06
   23.700   0.148E-06   0.148E-06   0.149E-06   0.151E-06   0.152E-06   0.154E-06   0.156E-06   0.159E-06   0.161E-06   0.163E-06   0.164E-06
   23.800   0.145E-06   0.146E-06   0.146E-06   0.148E-06   0.149E-06   0.151E-06   0.153E-06   0.156E-06   0.158E-06   0.160E-06   0.162E-06
   23.900   0.143E-06   0.143E-06   0.144E-06   0.145E-06   0.146E-06   0.148E-06   0.151E-06   0.153E-06   0.155E-06   0.157E-06   0.159E-06
   24.000   0.140E-06   0.140E-06   0.141E-06   0.142E-06   0.144E-06   0.146E-06   0.148E-06   0.150E-06   0.152E-06   0.154E-06   0.156E-06
   24.100   0.137E-06   0.137E-06   0.138E-06   0.139E-06   0.141E-06   0.143E-06   0.145E-06   0.147E-06   0.150E-06   0.152E-06   0.153E-06
   24.200   0.135E-06   0.135E-06   0.136E-06   0.137E-06   0.138E-06   0.140E-06   0.142E-06   0.145E-06   0.147E-06   0.149E-06   0.151E-06
   24.300   0.132E-06   0.132E-06   0.133E-06   0.134E-06   0.136E-06   0.138E-06   0.140E-06   0.142E-06   0.144E-06   0.146E-06   0.148E-06
   24.400   0.130E-06   0.130E-06   0.131E-06   0.132E-06   0.133E-06   0.135E-06   0.137E-06   0.140E-06   0.142E-06   0.144E-06   0.146E-06
   24.500   0.127E-06   0.127E-06   0.128E-06   0.129E-06   0.131E-06   0.133E-06   0.135E-06   0.137E-06   0.139E-06   0.141E-06   0.143E-06
   24.600   0.125E-06   0.125E-06   0.126E-06   0.127E-06   0.129E-06   0.131E-06   0.133E-06   0.135E-06   0.137E-06   0.139E-06   0.141E-06
   24.700   0.123E-06   0.123E-06   0.124E-06   0.125E-06   0.126E-06   0.128E-06   0.130E-06   0.132E-06   0.135E-06   0.137E-06   0.139E-06
   24.800   0.121E-06   0.121E-06   0.122E-06   0.123E-06   0.124E-06   0.126E-06   0.128E-06   0.130E-06   0.132E-06   0.135E-06   0.136E-06
   24.900   0.118E-06   0.119E-06   0.119E-06   0.121E-06   0.122E-06   0.124E-06   0.126E-06   0.128E-06   0.130E-06   0.132E-06   0.134E-06
   25.000   0.116E-06   0.117E-06   0.117E-06   0.118E-06   0.120E-06   0.122E-06   0.124E-06   0.126E-06   0.128E-06   0.130E-06   0.132E-06
   25.100   0.114E-06   0.115E-06   0.115E-06   0.116E-06   0.118E-06   0.120E-06   0.122E-06   0.124E-06   0.126E-06   0.128E-06   0.130E-06
   25.200   0.112E-06   0.113E-06   0.113E-06   0.114E-06   0.116E-06   0.118E-06   0.120E-06   0.122E-06   0.124E-06   0.126E-06   0.128E-06
   25.300   0.111E-06   0.111E-06   0.111E-06   0.113E-06   0.114E-06   0.116E-06   0.118E-06   0.120E-06   0.122E-06   0.124E-06   0.126E-06
   25.400   0.109E-06   0.109E-06   0.110E-06   0.111E-06   0.112E-06   0.114E-06   0.116E-06   0.118E-06   0.120E-06   0.122E-06   0.124E-06
   25.500   0.107E-06   0.107E-06   0.108E-06   0.109E-06   0.110E-06   0.112E-06   0.114E-06   0.116E-06   0.118E-06   0.120E-06   0.122E-06
   25.600   0.105E-06   0.105E-06   0.106E-06   0.107E-06   0.109E-06   0.110E-06   0.112E-06   0.114E-06   0.116E-06   0.118E-06   0.120E-06
   25.700   0.104E-06   0.104E-06   0.104E-06   0.105E-06   0.107E-06   0.108E-06   0.110E-06   0.112E-06   0.115E-06   0.117E-06   0.119E-06
   25.800   0.102E-06   0.102E-06   0.103E-06   0.104E-06   0.105E-06   0.107E-06   0.109E-06   0.111E-06   0.113E-06   0.115E-06   0.117E-06
   25.900   0.100E-06   0.100E-06   0.101E-06   0.102E-06   0.103E-06   0.105E-06   0.107E-06   0.109E-06   0.111E-06   0.113E-06   0.115E-06
   26.000   0.987E-07   0.989E-07   0.995E-07   0.100E-06   0.102E-06   0.103E-06   0.105E-06   0.107E-06   0.109E-06   0.111E-06   0.113E-06
   26.100   0.972E-07   0.974E-07   0.979E-07   0.989E-07   0.100E-06   0.102E-06   0.104E-06   0.106E-06   0.108E-06   0.110E-06   0.112E-06
   26.200   0.957E-07   0.959E-07   0.964E-07   0.974E-07   0.987E-07   0.100E-06   0.102E-06   0.104E-06   0.106E-06   0.108E-06   0.110E-06
   26.300   0.942E-07   0.944E-07   0.950E-07   0.959E-07   0.972E-07   0.988E-07   0.101E-06   0.102E-06   0.105E-06   0.107E-06   0.109E-06
   26.400   0.928E-07   0.930E-07   0.935E-07   0.945E-07   0.957E-07   0.973E-07   0.990E-07   0.101E-06   0.103E-06   0.105E-06   0.107E-06
   26.500   0.914E-07   0.916E-07   0.921E-07   0.931E-07   0.943E-07   0.958E-07   0.976E-07   0.995E-07   0.101E-06   0.104E-06   0.105E-06
   26.600   0.900E-07   0.902E-07   0.908E-07   0.917E-07   0.929E-07   0.944E-07   0.962E-07   0.980E-07   0.100E-06   0.102E-06   0.104E-06
   26.700   0.887E-07   0.889E-07   0.894E-07   0.903E-07   0.915E-07   0.930E-07   0.948E-07   0.966E-07   0.986E-07   0.101E-06   0.103E-06
   26.800   0.874E-07   0.876E-07   0.881E-07   0.890E-07   0.902E-07   0.917E-07   0.934E-07   0.952E-07   0.972E-07   0.992E-07   0.101E-06
   26.900   0.861E-07   0.863E-07   0.868E-07   0.877E-07   0.889E-07   0.904E-07   0.920E-07   0.939E-07   0.958E-07   0.978E-07   0.997E-07
   27.000   0.849E-07   0.851E-07   0.856E-07   0.865E-07   0.876E-07   0.891E-07   0.907E-07   0.926E-07   0.945E-07   0.964E-07   0.983E-07
   27.100   0.837E-07   0.839E-07   0.844E-07   0.852E-07   0.864E-07   0.878E-07   0.895E-07   0.913E-07   0.932E-07   0.951E-07   0.970E-07
   27.200   0.825E-07   0.827E-07   0.832E-07   0.840E-07   0.852E-07   0.866E-07   0.882E-07   0.900E-07   0.919E-07   0.938E-07   0.957E-07
   27.300   0.813E-07   0.815E-07   0.820E-07   0.829E-07   0.840E-07   0.854E-07   0.870E-07   0.888E-07   0.906E-07   0.925E-07   0.944E-07
   27.400   0.802E-07   0.804E-07   0.809E-07   0.817E-07   0.828E-07   0.842E-07   0.858E-07   0.875E-07   0.894E-07   0.913E-07   0.932E-07
   27.500   0.791E-07   0.793E-07   0.798E-07   0.806E-07   0.817E-07   0.831E-07   0.846E-07   0.864E-07   0.882E-07   0.901E-07   0.919E-07
   27.600   0.780E-07   0.782E-07   0.787E-07   0.795E-07   0.806E-07   0.819E-07   0.835E-07   0.852E-07   0.870E-07   0.889E-07   0.907E-07
   27.700   0.770E-07   0.771E-07   0.776E-07   0.784E-07   0.795E-07   0.808E-07   0.824E-07   0.841E-07   0.859E-07   0.877E-07   0.895E-07
   27.800   0.759E-07   0.761E-07   0.766E-07   0.774E-07   0.784E-07   0.797E-07   0.813E-07   0.829E-07   0.847E-07   0.866E-07   0.884E-07
   27.900   0.749E-07   0.751E-07   0.756E-07   0.763E-07   0.774E-07   0.787E-07   0.802E-07   0.818E-07   0.836E-07   0.854E-07   0.873E-07
   28.000   0.739E-07   0.741E-07   0.746E-07   0.753E-07   0.764E-07   0.776E-07   0.791E-07   0.808E-07   0.825E-07   0.843E-07   0.861E-07
   28.100   0.730E-07   0.731E-07   0.736E-07   0.743E-07   0.754E-07   0.766E-07   0.781E-07   0.797E-07   0.815E-07   0.833E-07   0.850E-07
   28.200   0.720E-07   0.722E-07   0.726E-07   0.734E-07   0.744E-07   0.756E-07   0.771E-07   0.787E-07   0.804E-07   0.822E-07   0.840E-07
   28.300   0.711E-07   0.712E-07   0.717E-07   0.724E-07   0.734E-07   0.747E-07   0.761E-07   0.777E-07   0.794E-07   0.812E-07   0.829E-07
   28.400   0.702E-07   0.703E-07   0.708E-07   0.715E-07   0.725E-07   0.737E-07   0.751E-07   0.767E-07   0.784E-07   0.801E-07   0.819E-07
   28.500   0.693E-07   0.694E-07   0.699E-07   0.706E-07   0.716E-07   0.728E-07   0.742E-07   0.757E-07   0.774E-07   0.791E-07   0.809E-07
   28.600   0.684E-07   0.686E-07   0.690E-07   0.697E-07   0.707E-07   0.719E-07   0.732E-07   0.748E-07   0.764E-07   0.782E-07   0.799E-07
   28.700   0.676E-07   0.677E-07   0.681E-07   0.688E-07   0.698E-07   0.710E-07   0.723E-07   0.739E-07   0.755E-07   0.772E-07   0.789E-07
   28.800   0.667E-07   0.669E-07   0.673E-07   0.680E-07   0.689E-07   0.701E-07   0.714E-07   0.729E-07   0.746E-07   0.763E-07   0.780E-07
   28.900   0.659E-07   0.660E-07   0.664E-07   0.671E-07   0.681E-07   0.692E-07   0.706E-07   0.720E-07   0.737E-07   0.753E-07   0.770E-07
   29.000   0.651E-07   0.652E-07   0.656E-07   0.663E-07   0.672E-07   0.684E-07   0.697E-07   0.712E-07   0.728E-07   0.744E-07   0.761E-07
   29.100   0.643E-07   0.644E-07   0.648E-07   0.655E-07   0.664E-07   0.675E-07   0.688E-07   0.703E-07   0.719E-07   0.735E-07   0.752E-07
   29.200   0.635E-07   0.637E-07   0.641E-07   0.647E-07   0.656E-07   0.667E-07   0.680E-07   0.695E-07   0.710E-07   0.727E-07   0.743E-07
   29.300   0.628E-07   0.629E-07   0.633E-07   0.639E-07   0.648E-07   0.659E-07   0.672E-07   0.686E-07   0.702E-07   0.718E-07   0.734E-07
   29.400   0.620E-07   0.621E-07   0.625E-07   0.632E-07   0.640E-07   0.651E-07   0.664E-07   0.678E-07   0.694E-07   0.710E-07   0.726E-07
   29.500   0.613E-07   0.614E-07   0.618E-07   0.624E-07   0.633E-07   0.644E-07   0.656E-07   0.670E-07   0.685E-07   0.701E-07   0.717E-07
   29.600   0.606E-07   0.607E-07   0.611E-07   0.617E-07   0.625E-07   0.636E-07   0.648E-07   0.662E-07   0.677E-07   0.693E-07   0.709E-07
   29.700   0.599E-07   0.600E-07   0.604E-07   0.610E-07   0.618E-07   0.629E-07   0.641E-07   0.655E-07   0.670E-07   0.685E-07   0.701E-07
   29.800   0.592E-07   0.593E-07   0.597E-07   0.603E-07   0.611E-07   0.621E-07   0.634E-07   0.647E-07   0.662E-07   0.677E-07   0.693E-07
   29.900   0.585E-07   0.586E-07   0.590E-07   0.596E-07   0.604E-07   0.614E-07   0.626E-07   0.640E-07   0.654E-07   0.670E-07   0.685E-07
   30.000   0.578E-07   0.579E-07   0.583E-07   0.589E-07   0.597E-07   0.607E-07   0.619E-07   0.632E-07   0.647E-07   0.662E-07   0.677E-07
