# fe1_the_015_025_photoabs_h_SMLO.dat                    
#
# Z = 15, A = 25
#
# Parameters:  Er1 = 21.699,  Wr1 =  6.700,  S1 =   1.200,  beta=  0.000
# No. of entries:  300
# Col 1: photon energy E in MeV
# Col 2-11: E1 photoabsorption PSF (fe1 in MeV^-3) for nucleus at the temperatures T=0-2 MeV
# Format: f9.3, 11e12.3
# Authors:  V.A.Plujko, O.M. Gorbachenko, K.M. Solodovnyk (TSNU)
#   E         T=0.0       T=0.2       T=0.4       T=0.6       T=0.8       T=1.0       T=1.2       T=1.4       T=1.6       T=1.8       T=2.0
    0.100   0.332E-12   0.146E-11   0.587E-11   0.163E-10   0.357E-10   0.670E-10   0.113E-09   0.177E-09   0.261E-09   0.369E-09   0.503E-09
    0.200   0.133E-11   0.287E-11   0.829E-11   0.200E-10   0.410E-10   0.740E-10   0.122E-09   0.188E-09   0.275E-09   0.385E-09   0.522E-09
    0.300   0.299E-11   0.478E-11   0.112E-10   0.242E-10   0.467E-10   0.815E-10   0.132E-09   0.200E-09   0.289E-09   0.402E-09   0.542E-09
    0.400   0.532E-11   0.727E-11   0.145E-10   0.288E-10   0.529E-10   0.895E-10   0.142E-09   0.212E-09   0.304E-09   0.420E-09   0.563E-09
    0.500   0.831E-11   0.104E-10   0.184E-10   0.340E-10   0.595E-10   0.980E-10   0.152E-09   0.225E-09   0.320E-09   0.438E-09   0.585E-09
    0.600   0.120E-10   0.141E-10   0.229E-10   0.396E-10   0.668E-10   0.107E-09   0.163E-09   0.239E-09   0.336E-09   0.457E-09   0.607E-09
    0.700   0.163E-10   0.186E-10   0.280E-10   0.459E-10   0.745E-10   0.117E-09   0.175E-09   0.253E-09   0.352E-09   0.477E-09   0.629E-09
    0.800   0.213E-10   0.237E-10   0.336E-10   0.527E-10   0.828E-10   0.127E-09   0.187E-09   0.267E-09   0.370E-09   0.497E-09   0.653E-09
    0.900   0.270E-10   0.295E-10   0.399E-10   0.600E-10   0.917E-10   0.137E-09   0.200E-09   0.283E-09   0.388E-09   0.518E-09   0.677E-09
    1.000   0.334E-10   0.360E-10   0.469E-10   0.681E-10   0.101E-09   0.149E-09   0.214E-09   0.298E-09   0.406E-09   0.540E-09   0.702E-09
    1.100   0.404E-10   0.433E-10   0.546E-10   0.767E-10   0.111E-09   0.161E-09   0.228E-09   0.315E-09   0.425E-09   0.562E-09   0.727E-09
    1.200   0.481E-10   0.512E-10   0.629E-10   0.860E-10   0.122E-09   0.173E-09   0.242E-09   0.332E-09   0.445E-09   0.585E-09   0.754E-09
    1.300   0.565E-10   0.598E-10   0.720E-10   0.960E-10   0.133E-09   0.187E-09   0.258E-09   0.350E-09   0.466E-09   0.608E-09   0.781E-09
    1.400   0.657E-10   0.691E-10   0.818E-10   0.107E-09   0.146E-09   0.200E-09   0.274E-09   0.368E-09   0.487E-09   0.633E-09   0.808E-09
    1.500   0.755E-10   0.792E-10   0.923E-10   0.118E-09   0.158E-09   0.215E-09   0.290E-09   0.388E-09   0.509E-09   0.658E-09   0.837E-09
    1.600   0.860E-10   0.899E-10   0.104E-09   0.130E-09   0.172E-09   0.230E-09   0.308E-09   0.408E-09   0.532E-09   0.684E-09   0.866E-09
    1.700   0.972E-10   0.101E-09   0.115E-09   0.143E-09   0.186E-09   0.246E-09   0.326E-09   0.428E-09   0.555E-09   0.710E-09   0.896E-09
    1.800   0.109E-09   0.114E-09   0.128E-09   0.157E-09   0.201E-09   0.263E-09   0.345E-09   0.450E-09   0.580E-09   0.738E-09   0.927E-09
    1.900   0.122E-09   0.126E-09   0.142E-09   0.171E-09   0.217E-09   0.280E-09   0.365E-09   0.472E-09   0.605E-09   0.766E-09   0.959E-09
    2.000   0.135E-09   0.140E-09   0.156E-09   0.186E-09   0.233E-09   0.299E-09   0.385E-09   0.495E-09   0.631E-09   0.795E-09   0.992E-09
    2.100   0.149E-09   0.154E-09   0.171E-09   0.202E-09   0.250E-09   0.317E-09   0.406E-09   0.518E-09   0.657E-09   0.825E-09   0.103E-08
    2.200   0.164E-09   0.170E-09   0.187E-09   0.219E-09   0.268E-09   0.337E-09   0.428E-09   0.543E-09   0.685E-09   0.856E-09   0.106E-08
    2.300   0.180E-09   0.185E-09   0.203E-09   0.236E-09   0.287E-09   0.358E-09   0.451E-09   0.568E-09   0.713E-09   0.888E-09   0.110E-08
    2.400   0.196E-09   0.202E-09   0.220E-09   0.254E-09   0.307E-09   0.379E-09   0.474E-09   0.595E-09   0.742E-09   0.920E-09   0.113E-08
    2.500   0.213E-09   0.219E-09   0.239E-09   0.273E-09   0.327E-09   0.401E-09   0.499E-09   0.622E-09   0.772E-09   0.954E-09   0.117E-08
    2.600   0.231E-09   0.238E-09   0.257E-09   0.293E-09   0.348E-09   0.424E-09   0.524E-09   0.650E-09   0.803E-09   0.988E-09   0.121E-08
    2.700   0.250E-09   0.257E-09   0.277E-09   0.314E-09   0.370E-09   0.448E-09   0.550E-09   0.678E-09   0.835E-09   0.102E-08   0.125E-08
    2.800   0.269E-09   0.276E-09   0.298E-09   0.335E-09   0.393E-09   0.473E-09   0.577E-09   0.708E-09   0.868E-09   0.106E-08   0.129E-08
    2.900   0.290E-09   0.297E-09   0.319E-09   0.358E-09   0.417E-09   0.499E-09   0.605E-09   0.739E-09   0.902E-09   0.110E-08   0.133E-08
    3.000   0.311E-09   0.318E-09   0.341E-09   0.381E-09   0.442E-09   0.525E-09   0.634E-09   0.770E-09   0.937E-09   0.114E-08   0.137E-08
    3.100   0.333E-09   0.340E-09   0.364E-09   0.405E-09   0.467E-09   0.553E-09   0.664E-09   0.803E-09   0.972E-09   0.117E-08   0.141E-08
    3.200   0.355E-09   0.364E-09   0.388E-09   0.430E-09   0.494E-09   0.581E-09   0.695E-09   0.836E-09   0.101E-08   0.122E-08   0.146E-08
    3.300   0.379E-09   0.387E-09   0.413E-09   0.456E-09   0.521E-09   0.611E-09   0.726E-09   0.871E-09   0.105E-08   0.126E-08   0.150E-08
    3.400   0.404E-09   0.412E-09   0.438E-09   0.483E-09   0.550E-09   0.641E-09   0.759E-09   0.907E-09   0.109E-08   0.130E-08   0.155E-08
    3.500   0.429E-09   0.438E-09   0.465E-09   0.511E-09   0.579E-09   0.672E-09   0.793E-09   0.943E-09   0.113E-08   0.134E-08   0.160E-08
    3.600   0.455E-09   0.464E-09   0.492E-09   0.539E-09   0.609E-09   0.704E-09   0.828E-09   0.981E-09   0.117E-08   0.139E-08   0.165E-08
    3.700   0.482E-09   0.492E-09   0.520E-09   0.569E-09   0.640E-09   0.738E-09   0.863E-09   0.102E-08   0.121E-08   0.143E-08   0.170E-08
    3.800   0.510E-09   0.520E-09   0.550E-09   0.600E-09   0.673E-09   0.772E-09   0.900E-09   0.106E-08   0.125E-08   0.148E-08   0.175E-08
    3.900   0.540E-09   0.550E-09   0.580E-09   0.631E-09   0.706E-09   0.807E-09   0.938E-09   0.110E-08   0.130E-08   0.153E-08   0.180E-08
    4.000   0.570E-09   0.580E-09   0.611E-09   0.664E-09   0.740E-09   0.844E-09   0.977E-09   0.114E-08   0.134E-08   0.158E-08   0.186E-08
    4.100   0.600E-09   0.611E-09   0.643E-09   0.697E-09   0.776E-09   0.881E-09   0.102E-08   0.119E-08   0.139E-08   0.163E-08   0.191E-08
    4.200   0.632E-09   0.643E-09   0.676E-09   0.732E-09   0.812E-09   0.920E-09   0.106E-08   0.123E-08   0.144E-08   0.168E-08   0.197E-08
    4.300   0.665E-09   0.677E-09   0.710E-09   0.767E-09   0.849E-09   0.960E-09   0.110E-08   0.128E-08   0.149E-08   0.174E-08   0.203E-08
    4.400   0.699E-09   0.711E-09   0.746E-09   0.804E-09   0.888E-09   0.100E-08   0.114E-08   0.132E-08   0.154E-08   0.179E-08   0.209E-08
    4.500   0.734E-09   0.746E-09   0.782E-09   0.842E-09   0.928E-09   0.104E-08   0.119E-08   0.137E-08   0.159E-08   0.185E-08   0.215E-08
    4.600   0.770E-09   0.783E-09   0.819E-09   0.881E-09   0.968E-09   0.109E-08   0.124E-08   0.142E-08   0.164E-08   0.190E-08   0.221E-08
    4.700   0.808E-09   0.820E-09   0.858E-09   0.921E-09   0.101E-08   0.113E-08   0.128E-08   0.147E-08   0.170E-08   0.196E-08   0.227E-08
    4.800   0.846E-09   0.859E-09   0.897E-09   0.962E-09   0.105E-08   0.118E-08   0.133E-08   0.152E-08   0.175E-08   0.202E-08   0.234E-08
    4.900   0.885E-09   0.899E-09   0.938E-09   0.100E-08   0.110E-08   0.122E-08   0.138E-08   0.158E-08   0.181E-08   0.209E-08   0.240E-08
    5.000   0.926E-09   0.939E-09   0.980E-09   0.105E-08   0.114E-08   0.127E-08   0.143E-08   0.163E-08   0.187E-08   0.215E-08   0.247E-08
    5.100   0.968E-09   0.982E-09   0.102E-08   0.109E-08   0.119E-08   0.132E-08   0.149E-08   0.169E-08   0.193E-08   0.221E-08   0.254E-08
    5.200   0.101E-08   0.102E-08   0.107E-08   0.114E-08   0.124E-08   0.137E-08   0.154E-08   0.175E-08   0.199E-08   0.228E-08   0.262E-08
    5.300   0.105E-08   0.107E-08   0.111E-08   0.119E-08   0.129E-08   0.142E-08   0.159E-08   0.180E-08   0.205E-08   0.235E-08   0.269E-08
    5.400   0.110E-08   0.112E-08   0.116E-08   0.123E-08   0.134E-08   0.148E-08   0.165E-08   0.187E-08   0.212E-08   0.242E-08   0.276E-08
    5.500   0.115E-08   0.116E-08   0.121E-08   0.128E-08   0.139E-08   0.153E-08   0.171E-08   0.193E-08   0.219E-08   0.249E-08   0.284E-08
    5.600   0.120E-08   0.121E-08   0.126E-08   0.133E-08   0.144E-08   0.159E-08   0.177E-08   0.199E-08   0.225E-08   0.256E-08   0.292E-08
    5.700   0.124E-08   0.126E-08   0.131E-08   0.139E-08   0.150E-08   0.165E-08   0.183E-08   0.206E-08   0.232E-08   0.264E-08   0.300E-08
    5.800   0.130E-08   0.131E-08   0.136E-08   0.144E-08   0.156E-08   0.171E-08   0.189E-08   0.212E-08   0.240E-08   0.272E-08   0.308E-08
    5.900   0.135E-08   0.136E-08   0.141E-08   0.150E-08   0.161E-08   0.177E-08   0.196E-08   0.219E-08   0.247E-08   0.279E-08   0.317E-08
    6.000   0.140E-08   0.142E-08   0.147E-08   0.155E-08   0.167E-08   0.183E-08   0.203E-08   0.226E-08   0.255E-08   0.288E-08   0.325E-08
    6.100   0.146E-08   0.147E-08   0.153E-08   0.161E-08   0.173E-08   0.189E-08   0.209E-08   0.234E-08   0.262E-08   0.296E-08   0.334E-08
    6.200   0.151E-08   0.153E-08   0.158E-08   0.167E-08   0.180E-08   0.196E-08   0.216E-08   0.241E-08   0.270E-08   0.304E-08   0.343E-08
    6.300   0.157E-08   0.159E-08   0.164E-08   0.173E-08   0.186E-08   0.203E-08   0.223E-08   0.249E-08   0.278E-08   0.313E-08   0.353E-08
    6.400   0.163E-08   0.165E-08   0.170E-08   0.180E-08   0.193E-08   0.210E-08   0.231E-08   0.256E-08   0.287E-08   0.322E-08   0.362E-08
    6.500   0.169E-08   0.171E-08   0.177E-08   0.186E-08   0.200E-08   0.217E-08   0.238E-08   0.264E-08   0.295E-08   0.331E-08   0.372E-08
    6.600   0.176E-08   0.177E-08   0.183E-08   0.193E-08   0.206E-08   0.224E-08   0.246E-08   0.272E-08   0.304E-08   0.340E-08   0.382E-08
    6.700   0.182E-08   0.184E-08   0.190E-08   0.200E-08   0.214E-08   0.232E-08   0.254E-08   0.281E-08   0.313E-08   0.350E-08   0.392E-08
    6.800   0.189E-08   0.191E-08   0.197E-08   0.207E-08   0.221E-08   0.239E-08   0.262E-08   0.289E-08   0.322E-08   0.359E-08   0.403E-08
    6.900   0.196E-08   0.198E-08   0.204E-08   0.214E-08   0.228E-08   0.247E-08   0.270E-08   0.298E-08   0.331E-08   0.369E-08   0.413E-08
    7.000   0.203E-08   0.205E-08   0.211E-08   0.221E-08   0.236E-08   0.255E-08   0.279E-08   0.307E-08   0.341E-08   0.380E-08   0.424E-08
    7.100   0.210E-08   0.212E-08   0.218E-08   0.229E-08   0.244E-08   0.263E-08   0.288E-08   0.317E-08   0.351E-08   0.390E-08   0.435E-08
    7.200   0.217E-08   0.219E-08   0.226E-08   0.237E-08   0.252E-08   0.272E-08   0.297E-08   0.326E-08   0.361E-08   0.401E-08   0.447E-08
    7.300   0.225E-08   0.227E-08   0.234E-08   0.245E-08   0.260E-08   0.281E-08   0.306E-08   0.336E-08   0.371E-08   0.412E-08   0.459E-08
    7.400   0.233E-08   0.235E-08   0.242E-08   0.253E-08   0.269E-08   0.290E-08   0.315E-08   0.346E-08   0.382E-08   0.423E-08   0.471E-08
    7.500   0.241E-08   0.243E-08   0.250E-08   0.262E-08   0.278E-08   0.299E-08   0.325E-08   0.356E-08   0.392E-08   0.435E-08   0.483E-08
    7.600   0.249E-08   0.251E-08   0.258E-08   0.270E-08   0.287E-08   0.308E-08   0.335E-08   0.366E-08   0.404E-08   0.447E-08   0.496E-08
    7.700   0.257E-08   0.260E-08   0.267E-08   0.279E-08   0.296E-08   0.318E-08   0.345E-08   0.377E-08   0.415E-08   0.459E-08   0.509E-08
    7.800   0.266E-08   0.268E-08   0.276E-08   0.288E-08   0.306E-08   0.328E-08   0.355E-08   0.388E-08   0.427E-08   0.471E-08   0.522E-08
    7.900   0.275E-08   0.277E-08   0.285E-08   0.298E-08   0.315E-08   0.338E-08   0.366E-08   0.399E-08   0.439E-08   0.484E-08   0.535E-08
    8.000   0.284E-08   0.287E-08   0.294E-08   0.307E-08   0.325E-08   0.348E-08   0.377E-08   0.411E-08   0.451E-08   0.497E-08   0.549E-08
    8.100   0.294E-08   0.296E-08   0.304E-08   0.317E-08   0.335E-08   0.359E-08   0.388E-08   0.423E-08   0.464E-08   0.510E-08   0.563E-08
    8.200   0.303E-08   0.306E-08   0.314E-08   0.327E-08   0.346E-08   0.370E-08   0.400E-08   0.435E-08   0.476E-08   0.524E-08   0.578E-08
    8.300   0.313E-08   0.316E-08   0.324E-08   0.338E-08   0.357E-08   0.381E-08   0.412E-08   0.448E-08   0.490E-08   0.538E-08   0.593E-08
    8.400   0.323E-08   0.326E-08   0.334E-08   0.348E-08   0.368E-08   0.393E-08   0.424E-08   0.460E-08   0.503E-08   0.552E-08   0.608E-08
    8.500   0.334E-08   0.337E-08   0.345E-08   0.359E-08   0.379E-08   0.405E-08   0.436E-08   0.474E-08   0.517E-08   0.567E-08   0.624E-08
    8.600   0.345E-08   0.348E-08   0.356E-08   0.371E-08   0.391E-08   0.417E-08   0.449E-08   0.487E-08   0.531E-08   0.582E-08   0.640E-08
    8.700   0.356E-08   0.359E-08   0.368E-08   0.382E-08   0.403E-08   0.430E-08   0.462E-08   0.501E-08   0.546E-08   0.598E-08   0.656E-08
    8.800   0.367E-08   0.370E-08   0.379E-08   0.394E-08   0.415E-08   0.442E-08   0.476E-08   0.515E-08   0.561E-08   0.614E-08   0.673E-08
    8.900   0.379E-08   0.382E-08   0.391E-08   0.407E-08   0.428E-08   0.456E-08   0.489E-08   0.530E-08   0.576E-08   0.630E-08   0.691E-08
    9.000   0.391E-08   0.394E-08   0.403E-08   0.419E-08   0.441E-08   0.469E-08   0.504E-08   0.545E-08   0.592E-08   0.647E-08   0.708E-08
    9.100   0.403E-08   0.406E-08   0.416E-08   0.432E-08   0.454E-08   0.483E-08   0.518E-08   0.560E-08   0.608E-08   0.664E-08   0.727E-08
    9.200   0.416E-08   0.419E-08   0.429E-08   0.445E-08   0.468E-08   0.497E-08   0.533E-08   0.576E-08   0.625E-08   0.681E-08   0.745E-08
    9.300   0.429E-08   0.432E-08   0.442E-08   0.459E-08   0.482E-08   0.512E-08   0.549E-08   0.592E-08   0.642E-08   0.699E-08   0.764E-08
    9.400   0.443E-08   0.446E-08   0.456E-08   0.473E-08   0.497E-08   0.527E-08   0.564E-08   0.608E-08   0.660E-08   0.718E-08   0.784E-08
    9.500   0.456E-08   0.460E-08   0.470E-08   0.488E-08   0.512E-08   0.543E-08   0.581E-08   0.625E-08   0.678E-08   0.737E-08   0.804E-08
    9.600   0.471E-08   0.474E-08   0.485E-08   0.502E-08   0.527E-08   0.559E-08   0.597E-08   0.643E-08   0.696E-08   0.757E-08   0.825E-08
    9.700   0.485E-08   0.489E-08   0.500E-08   0.518E-08   0.543E-08   0.575E-08   0.614E-08   0.661E-08   0.715E-08   0.777E-08   0.846E-08
    9.800   0.500E-08   0.504E-08   0.515E-08   0.533E-08   0.559E-08   0.592E-08   0.632E-08   0.679E-08   0.734E-08   0.797E-08   0.867E-08
    9.900   0.516E-08   0.520E-08   0.531E-08   0.550E-08   0.576E-08   0.609E-08   0.650E-08   0.698E-08   0.754E-08   0.818E-08   0.890E-08
   10.000   0.532E-08   0.536E-08   0.547E-08   0.566E-08   0.593E-08   0.627E-08   0.669E-08   0.718E-08   0.775E-08   0.840E-08   0.913E-08
   10.100   0.548E-08   0.552E-08   0.564E-08   0.583E-08   0.610E-08   0.645E-08   0.688E-08   0.738E-08   0.796E-08   0.862E-08   0.936E-08
   10.200   0.565E-08   0.569E-08   0.581E-08   0.601E-08   0.629E-08   0.664E-08   0.707E-08   0.759E-08   0.818E-08   0.885E-08   0.960E-08
   10.300   0.583E-08   0.587E-08   0.599E-08   0.619E-08   0.647E-08   0.683E-08   0.728E-08   0.780E-08   0.840E-08   0.908E-08   0.985E-08
   10.400   0.600E-08   0.605E-08   0.617E-08   0.638E-08   0.666E-08   0.703E-08   0.748E-08   0.801E-08   0.863E-08   0.932E-08   0.101E-07
   10.500   0.619E-08   0.623E-08   0.636E-08   0.657E-08   0.686E-08   0.724E-08   0.770E-08   0.824E-08   0.886E-08   0.957E-08   0.104E-07
   10.600   0.638E-08   0.642E-08   0.655E-08   0.677E-08   0.706E-08   0.745E-08   0.792E-08   0.847E-08   0.910E-08   0.982E-08   0.106E-07
   10.700   0.658E-08   0.662E-08   0.675E-08   0.697E-08   0.727E-08   0.767E-08   0.814E-08   0.870E-08   0.935E-08   0.101E-07   0.109E-07
   10.800   0.678E-08   0.682E-08   0.696E-08   0.718E-08   0.749E-08   0.789E-08   0.838E-08   0.895E-08   0.961E-08   0.104E-07   0.112E-07
   10.900   0.698E-08   0.703E-08   0.717E-08   0.739E-08   0.771E-08   0.812E-08   0.861E-08   0.920E-08   0.987E-08   0.106E-07   0.115E-07
   11.000   0.720E-08   0.725E-08   0.738E-08   0.762E-08   0.794E-08   0.836E-08   0.886E-08   0.946E-08   0.101E-07   0.109E-07   0.118E-07
   11.100   0.742E-08   0.747E-08   0.761E-08   0.785E-08   0.818E-08   0.860E-08   0.911E-08   0.972E-08   0.104E-07   0.112E-07   0.121E-07
   11.200   0.765E-08   0.770E-08   0.784E-08   0.808E-08   0.842E-08   0.885E-08   0.938E-08   0.999E-08   0.107E-07   0.115E-07   0.124E-07
   11.300   0.788E-08   0.793E-08   0.808E-08   0.833E-08   0.867E-08   0.911E-08   0.965E-08   0.103E-07   0.110E-07   0.118E-07   0.127E-07
   11.400   0.812E-08   0.817E-08   0.833E-08   0.858E-08   0.893E-08   0.938E-08   0.992E-08   0.106E-07   0.113E-07   0.121E-07   0.131E-07
   11.500   0.837E-08   0.843E-08   0.858E-08   0.884E-08   0.919E-08   0.965E-08   0.102E-07   0.109E-07   0.116E-07   0.125E-07   0.134E-07
   11.600   0.863E-08   0.868E-08   0.884E-08   0.910E-08   0.947E-08   0.993E-08   0.105E-07   0.112E-07   0.119E-07   0.128E-07   0.137E-07
   11.700   0.890E-08   0.895E-08   0.911E-08   0.938E-08   0.975E-08   0.102E-07   0.108E-07   0.115E-07   0.123E-07   0.131E-07   0.141E-07
   11.800   0.917E-08   0.923E-08   0.939E-08   0.966E-08   0.100E-07   0.105E-07   0.111E-07   0.118E-07   0.126E-07   0.135E-07   0.145E-07
   11.900   0.945E-08   0.951E-08   0.968E-08   0.996E-08   0.103E-07   0.108E-07   0.114E-07   0.121E-07   0.130E-07   0.139E-07   0.149E-07
   12.000   0.975E-08   0.980E-08   0.997E-08   0.103E-07   0.107E-07   0.112E-07   0.118E-07   0.125E-07   0.133E-07   0.142E-07   0.153E-07
   12.100   0.100E-07   0.101E-07   0.103E-07   0.106E-07   0.110E-07   0.115E-07   0.121E-07   0.128E-07   0.137E-07   0.146E-07   0.157E-07
   12.200   0.104E-07   0.104E-07   0.106E-07   0.109E-07   0.113E-07   0.118E-07   0.125E-07   0.132E-07   0.141E-07   0.150E-07   0.161E-07
   12.300   0.107E-07   0.107E-07   0.109E-07   0.112E-07   0.116E-07   0.122E-07   0.128E-07   0.136E-07   0.145E-07   0.154E-07   0.165E-07
   12.400   0.110E-07   0.111E-07   0.113E-07   0.116E-07   0.120E-07   0.125E-07   0.132E-07   0.140E-07   0.149E-07   0.159E-07   0.170E-07
   12.500   0.114E-07   0.114E-07   0.116E-07   0.119E-07   0.124E-07   0.129E-07   0.136E-07   0.144E-07   0.153E-07   0.163E-07   0.174E-07
   12.600   0.117E-07   0.118E-07   0.120E-07   0.123E-07   0.127E-07   0.133E-07   0.140E-07   0.148E-07   0.157E-07   0.167E-07   0.179E-07
   12.700   0.121E-07   0.121E-07   0.123E-07   0.127E-07   0.131E-07   0.137E-07   0.144E-07   0.152E-07   0.162E-07   0.172E-07   0.184E-07
   12.800   0.125E-07   0.125E-07   0.127E-07   0.131E-07   0.135E-07   0.141E-07   0.148E-07   0.157E-07   0.166E-07   0.177E-07   0.189E-07
   12.900   0.129E-07   0.129E-07   0.131E-07   0.135E-07   0.139E-07   0.145E-07   0.153E-07   0.161E-07   0.171E-07   0.182E-07   0.194E-07
   13.000   0.133E-07   0.133E-07   0.135E-07   0.139E-07   0.144E-07   0.150E-07   0.157E-07   0.166E-07   0.176E-07   0.187E-07   0.199E-07
   13.100   0.137E-07   0.138E-07   0.140E-07   0.143E-07   0.148E-07   0.154E-07   0.162E-07   0.171E-07   0.181E-07   0.192E-07   0.204E-07
   13.200   0.141E-07   0.142E-07   0.144E-07   0.148E-07   0.153E-07   0.159E-07   0.167E-07   0.176E-07   0.186E-07   0.198E-07   0.210E-07
   13.300   0.146E-07   0.146E-07   0.149E-07   0.152E-07   0.158E-07   0.164E-07   0.172E-07   0.181E-07   0.192E-07   0.203E-07   0.216E-07
   13.400   0.150E-07   0.151E-07   0.153E-07   0.157E-07   0.162E-07   0.169E-07   0.177E-07   0.187E-07   0.197E-07   0.209E-07   0.222E-07
   13.500   0.155E-07   0.156E-07   0.158E-07   0.162E-07   0.168E-07   0.174E-07   0.183E-07   0.192E-07   0.203E-07   0.215E-07   0.228E-07
   13.600   0.160E-07   0.161E-07   0.163E-07   0.167E-07   0.173E-07   0.180E-07   0.188E-07   0.198E-07   0.209E-07   0.221E-07   0.234E-07
   13.700   0.165E-07   0.166E-07   0.169E-07   0.173E-07   0.178E-07   0.185E-07   0.194E-07   0.204E-07   0.215E-07   0.227E-07   0.241E-07
   13.800   0.171E-07   0.172E-07   0.174E-07   0.178E-07   0.184E-07   0.191E-07   0.200E-07   0.210E-07   0.221E-07   0.234E-07   0.247E-07
   13.900   0.176E-07   0.177E-07   0.180E-07   0.184E-07   0.190E-07   0.197E-07   0.206E-07   0.216E-07   0.228E-07   0.240E-07   0.254E-07
   14.000   0.182E-07   0.183E-07   0.186E-07   0.190E-07   0.196E-07   0.203E-07   0.212E-07   0.223E-07   0.235E-07   0.247E-07   0.261E-07
   14.100   0.188E-07   0.189E-07   0.192E-07   0.196E-07   0.202E-07   0.210E-07   0.219E-07   0.230E-07   0.241E-07   0.255E-07   0.269E-07
   14.200   0.195E-07   0.195E-07   0.198E-07   0.203E-07   0.209E-07   0.216E-07   0.226E-07   0.237E-07   0.249E-07   0.262E-07   0.276E-07
   14.300   0.201E-07   0.202E-07   0.205E-07   0.209E-07   0.215E-07   0.223E-07   0.233E-07   0.244E-07   0.256E-07   0.270E-07   0.284E-07
   14.400   0.208E-07   0.209E-07   0.211E-07   0.216E-07   0.222E-07   0.230E-07   0.240E-07   0.251E-07   0.264E-07   0.278E-07   0.292E-07
   14.500   0.215E-07   0.216E-07   0.218E-07   0.223E-07   0.230E-07   0.238E-07   0.248E-07   0.259E-07   0.272E-07   0.286E-07   0.301E-07
   14.600   0.222E-07   0.223E-07   0.226E-07   0.231E-07   0.237E-07   0.246E-07   0.256E-07   0.267E-07   0.280E-07   0.294E-07   0.309E-07
   14.700   0.229E-07   0.230E-07   0.233E-07   0.238E-07   0.245E-07   0.254E-07   0.264E-07   0.276E-07   0.289E-07   0.303E-07   0.318E-07
   14.800   0.237E-07   0.238E-07   0.241E-07   0.246E-07   0.253E-07   0.262E-07   0.272E-07   0.284E-07   0.297E-07   0.312E-07   0.327E-07
   14.900   0.245E-07   0.246E-07   0.250E-07   0.255E-07   0.262E-07   0.270E-07   0.281E-07   0.293E-07   0.307E-07   0.321E-07   0.337E-07
   15.000   0.254E-07   0.255E-07   0.258E-07   0.263E-07   0.270E-07   0.279E-07   0.290E-07   0.302E-07   0.316E-07   0.331E-07   0.346E-07
   15.100   0.263E-07   0.264E-07   0.267E-07   0.272E-07   0.279E-07   0.289E-07   0.299E-07   0.312E-07   0.326E-07   0.341E-07   0.356E-07
   15.200   0.272E-07   0.273E-07   0.276E-07   0.282E-07   0.289E-07   0.298E-07   0.309E-07   0.322E-07   0.336E-07   0.351E-07   0.367E-07
   15.300   0.281E-07   0.282E-07   0.286E-07   0.291E-07   0.299E-07   0.308E-07   0.319E-07   0.332E-07   0.346E-07   0.361E-07   0.377E-07
   15.400   0.291E-07   0.292E-07   0.296E-07   0.301E-07   0.309E-07   0.319E-07   0.330E-07   0.343E-07   0.357E-07   0.372E-07   0.388E-07
   15.500   0.302E-07   0.303E-07   0.306E-07   0.312E-07   0.320E-07   0.329E-07   0.341E-07   0.354E-07   0.368E-07   0.384E-07   0.400E-07
   15.600   0.312E-07   0.313E-07   0.317E-07   0.323E-07   0.331E-07   0.340E-07   0.352E-07   0.365E-07   0.380E-07   0.395E-07   0.412E-07
   15.700   0.323E-07   0.325E-07   0.328E-07   0.334E-07   0.342E-07   0.352E-07   0.364E-07   0.377E-07   0.392E-07   0.407E-07   0.424E-07
   15.800   0.335E-07   0.336E-07   0.340E-07   0.346E-07   0.354E-07   0.364E-07   0.376E-07   0.389E-07   0.404E-07   0.420E-07   0.436E-07
   15.900   0.347E-07   0.348E-07   0.352E-07   0.358E-07   0.366E-07   0.377E-07   0.389E-07   0.402E-07   0.417E-07   0.433E-07   0.449E-07
   16.000   0.360E-07   0.361E-07   0.365E-07   0.371E-07   0.379E-07   0.389E-07   0.402E-07   0.415E-07   0.430E-07   0.446E-07   0.462E-07
   16.100   0.373E-07   0.374E-07   0.378E-07   0.384E-07   0.392E-07   0.403E-07   0.415E-07   0.429E-07   0.444E-07   0.460E-07   0.476E-07
   16.200   0.387E-07   0.388E-07   0.392E-07   0.398E-07   0.406E-07   0.417E-07   0.429E-07   0.443E-07   0.458E-07   0.474E-07   0.490E-07
   16.300   0.401E-07   0.402E-07   0.406E-07   0.412E-07   0.421E-07   0.432E-07   0.444E-07   0.458E-07   0.473E-07   0.488E-07   0.504E-07
   16.400   0.416E-07   0.417E-07   0.421E-07   0.427E-07   0.436E-07   0.447E-07   0.459E-07   0.473E-07   0.488E-07   0.503E-07   0.519E-07
   16.500   0.431E-07   0.432E-07   0.436E-07   0.443E-07   0.452E-07   0.462E-07   0.475E-07   0.489E-07   0.504E-07   0.519E-07   0.534E-07
   16.600   0.447E-07   0.449E-07   0.453E-07   0.459E-07   0.468E-07   0.479E-07   0.491E-07   0.505E-07   0.520E-07   0.535E-07   0.550E-07
   16.700   0.464E-07   0.465E-07   0.469E-07   0.476E-07   0.485E-07   0.496E-07   0.508E-07   0.522E-07   0.536E-07   0.551E-07   0.566E-07
   16.800   0.482E-07   0.483E-07   0.487E-07   0.493E-07   0.502E-07   0.513E-07   0.526E-07   0.539E-07   0.554E-07   0.568E-07   0.582E-07
   16.900   0.500E-07   0.501E-07   0.505E-07   0.512E-07   0.520E-07   0.531E-07   0.544E-07   0.557E-07   0.571E-07   0.585E-07   0.599E-07
   17.000   0.519E-07   0.520E-07   0.524E-07   0.531E-07   0.539E-07   0.550E-07   0.562E-07   0.576E-07   0.590E-07   0.603E-07   0.617E-07
   17.100   0.538E-07   0.540E-07   0.544E-07   0.550E-07   0.559E-07   0.570E-07   0.582E-07   0.595E-07   0.608E-07   0.622E-07   0.634E-07
   17.200   0.559E-07   0.560E-07   0.564E-07   0.571E-07   0.580E-07   0.590E-07   0.602E-07   0.615E-07   0.628E-07   0.641E-07   0.653E-07
   17.300   0.580E-07   0.582E-07   0.586E-07   0.592E-07   0.601E-07   0.611E-07   0.623E-07   0.635E-07   0.648E-07   0.660E-07   0.671E-07
   17.400   0.603E-07   0.604E-07   0.608E-07   0.614E-07   0.623E-07   0.633E-07   0.644E-07   0.656E-07   0.668E-07   0.680E-07   0.690E-07
   17.500   0.626E-07   0.627E-07   0.631E-07   0.637E-07   0.646E-07   0.655E-07   0.666E-07   0.678E-07   0.689E-07   0.700E-07   0.710E-07
   17.600   0.650E-07   0.651E-07   0.655E-07   0.661E-07   0.669E-07   0.679E-07   0.689E-07   0.700E-07   0.711E-07   0.721E-07   0.729E-07
   17.700   0.675E-07   0.676E-07   0.680E-07   0.686E-07   0.694E-07   0.703E-07   0.713E-07   0.723E-07   0.733E-07   0.742E-07   0.749E-07
   17.800   0.701E-07   0.702E-07   0.706E-07   0.711E-07   0.719E-07   0.728E-07   0.737E-07   0.747E-07   0.756E-07   0.764E-07   0.770E-07
   17.900   0.728E-07   0.729E-07   0.732E-07   0.738E-07   0.745E-07   0.753E-07   0.762E-07   0.771E-07   0.779E-07   0.786E-07   0.790E-07
   18.000   0.756E-07   0.757E-07   0.760E-07   0.765E-07   0.772E-07   0.780E-07   0.788E-07   0.796E-07   0.803E-07   0.808E-07   0.811E-07
   18.100   0.785E-07   0.786E-07   0.789E-07   0.794E-07   0.800E-07   0.807E-07   0.814E-07   0.821E-07   0.827E-07   0.831E-07   0.833E-07
   18.200   0.814E-07   0.815E-07   0.818E-07   0.823E-07   0.828E-07   0.835E-07   0.841E-07   0.847E-07   0.851E-07   0.854E-07   0.854E-07
   18.300   0.845E-07   0.846E-07   0.849E-07   0.853E-07   0.858E-07   0.863E-07   0.869E-07   0.873E-07   0.876E-07   0.877E-07   0.876E-07
   18.400   0.877E-07   0.878E-07   0.880E-07   0.884E-07   0.888E-07   0.893E-07   0.897E-07   0.900E-07   0.902E-07   0.901E-07   0.897E-07
   18.500   0.910E-07   0.910E-07   0.912E-07   0.915E-07   0.919E-07   0.923E-07   0.926E-07   0.927E-07   0.927E-07   0.924E-07   0.919E-07
   18.600   0.943E-07   0.944E-07   0.946E-07   0.948E-07   0.951E-07   0.953E-07   0.955E-07   0.955E-07   0.953E-07   0.948E-07   0.941E-07
   18.700   0.978E-07   0.978E-07   0.979E-07   0.981E-07   0.983E-07   0.984E-07   0.984E-07   0.983E-07   0.979E-07   0.972E-07   0.962E-07
   18.800   0.101E-06   0.101E-06   0.101E-06   0.102E-06   0.102E-06   0.102E-06   0.101E-06   0.101E-06   0.100E-06   0.996E-07   0.984E-07
   18.900   0.105E-06   0.105E-06   0.105E-06   0.105E-06   0.105E-06   0.105E-06   0.104E-06   0.104E-06   0.103E-06   0.102E-06   0.101E-06
   19.000   0.109E-06   0.109E-06   0.109E-06   0.108E-06   0.108E-06   0.108E-06   0.107E-06   0.107E-06   0.106E-06   0.104E-06   0.103E-06
   19.100   0.112E-06   0.112E-06   0.112E-06   0.112E-06   0.112E-06   0.111E-06   0.110E-06   0.110E-06   0.108E-06   0.107E-06   0.105E-06
   19.200   0.116E-06   0.116E-06   0.116E-06   0.116E-06   0.115E-06   0.114E-06   0.114E-06   0.112E-06   0.111E-06   0.109E-06   0.107E-06
   19.300   0.120E-06   0.120E-06   0.119E-06   0.119E-06   0.119E-06   0.118E-06   0.117E-06   0.115E-06   0.113E-06   0.111E-06   0.109E-06
   19.400   0.124E-06   0.123E-06   0.123E-06   0.123E-06   0.122E-06   0.121E-06   0.120E-06   0.118E-06   0.116E-06   0.113E-06   0.111E-06
   19.500   0.127E-06   0.127E-06   0.127E-06   0.126E-06   0.125E-06   0.124E-06   0.122E-06   0.120E-06   0.118E-06   0.115E-06   0.112E-06
   19.600   0.131E-06   0.131E-06   0.130E-06   0.130E-06   0.129E-06   0.127E-06   0.125E-06   0.123E-06   0.120E-06   0.118E-06   0.114E-06
   19.700   0.135E-06   0.135E-06   0.134E-06   0.133E-06   0.132E-06   0.130E-06   0.128E-06   0.126E-06   0.123E-06   0.119E-06   0.116E-06
   19.800   0.138E-06   0.138E-06   0.138E-06   0.137E-06   0.135E-06   0.133E-06   0.131E-06   0.128E-06   0.125E-06   0.121E-06   0.117E-06
   19.900   0.142E-06   0.142E-06   0.141E-06   0.140E-06   0.138E-06   0.136E-06   0.133E-06   0.130E-06   0.127E-06   0.123E-06   0.119E-06
   20.000   0.145E-06   0.145E-06   0.144E-06   0.143E-06   0.141E-06   0.139E-06   0.136E-06   0.133E-06   0.129E-06   0.125E-06   0.120E-06
   20.100   0.149E-06   0.148E-06   0.147E-06   0.146E-06   0.144E-06   0.141E-06   0.138E-06   0.135E-06   0.131E-06   0.126E-06   0.122E-06
   20.200   0.152E-06   0.151E-06   0.150E-06   0.149E-06   0.146E-06   0.144E-06   0.140E-06   0.136E-06   0.132E-06   0.128E-06   0.123E-06
   20.300   0.155E-06   0.154E-06   0.153E-06   0.151E-06   0.149E-06   0.146E-06   0.142E-06   0.138E-06   0.134E-06   0.129E-06   0.124E-06
   20.400   0.157E-06   0.157E-06   0.156E-06   0.154E-06   0.151E-06   0.148E-06   0.144E-06   0.140E-06   0.135E-06   0.130E-06   0.125E-06
   20.500   0.160E-06   0.159E-06   0.158E-06   0.156E-06   0.153E-06   0.150E-06   0.146E-06   0.141E-06   0.136E-06   0.131E-06   0.125E-06
   20.600   0.162E-06   0.161E-06   0.160E-06   0.158E-06   0.155E-06   0.151E-06   0.147E-06   0.142E-06   0.137E-06   0.132E-06   0.126E-06
   20.700   0.164E-06   0.163E-06   0.162E-06   0.159E-06   0.156E-06   0.153E-06   0.148E-06   0.143E-06   0.138E-06   0.132E-06   0.126E-06
   20.800   0.165E-06   0.165E-06   0.163E-06   0.161E-06   0.158E-06   0.154E-06   0.149E-06   0.144E-06   0.138E-06   0.133E-06   0.127E-06
   20.900   0.166E-06   0.166E-06   0.164E-06   0.162E-06   0.158E-06   0.154E-06   0.150E-06   0.144E-06   0.139E-06   0.133E-06   0.127E-06
   21.000   0.167E-06   0.167E-06   0.165E-06   0.163E-06   0.159E-06   0.155E-06   0.150E-06   0.145E-06   0.139E-06   0.133E-06   0.127E-06
   21.100   0.168E-06   0.167E-06   0.166E-06   0.163E-06   0.159E-06   0.155E-06   0.150E-06   0.145E-06   0.139E-06   0.133E-06   0.127E-06
   21.200   0.168E-06   0.167E-06   0.166E-06   0.163E-06   0.160E-06   0.155E-06   0.150E-06   0.145E-06   0.139E-06   0.133E-06   0.126E-06
   21.300   0.168E-06   0.167E-06   0.166E-06   0.163E-06   0.159E-06   0.155E-06   0.150E-06   0.144E-06   0.138E-06   0.132E-06   0.126E-06
   21.400   0.167E-06   0.167E-06   0.165E-06   0.162E-06   0.159E-06   0.154E-06   0.149E-06   0.144E-06   0.138E-06   0.132E-06   0.125E-06
   21.500   0.167E-06   0.166E-06   0.164E-06   0.162E-06   0.158E-06   0.154E-06   0.149E-06   0.143E-06   0.137E-06   0.131E-06   0.125E-06
   21.600   0.165E-06   0.165E-06   0.163E-06   0.161E-06   0.157E-06   0.153E-06   0.148E-06   0.142E-06   0.136E-06   0.130E-06   0.124E-06
   21.700   0.164E-06   0.164E-06   0.162E-06   0.159E-06   0.156E-06   0.151E-06   0.146E-06   0.141E-06   0.135E-06   0.129E-06   0.123E-06
   21.800   0.162E-06   0.162E-06   0.160E-06   0.158E-06   0.154E-06   0.150E-06   0.145E-06   0.140E-06   0.134E-06   0.128E-06   0.122E-06
   21.900   0.161E-06   0.160E-06   0.158E-06   0.156E-06   0.152E-06   0.148E-06   0.143E-06   0.138E-06   0.133E-06   0.127E-06   0.121E-06
   22.000   0.158E-06   0.158E-06   0.156E-06   0.154E-06   0.151E-06   0.146E-06   0.142E-06   0.137E-06   0.131E-06   0.125E-06   0.119E-06
   22.100   0.156E-06   0.156E-06   0.154E-06   0.152E-06   0.148E-06   0.144E-06   0.140E-06   0.135E-06   0.129E-06   0.124E-06   0.118E-06
   22.200   0.154E-06   0.153E-06   0.152E-06   0.149E-06   0.146E-06   0.142E-06   0.138E-06   0.133E-06   0.128E-06   0.122E-06   0.117E-06
   22.300   0.151E-06   0.150E-06   0.149E-06   0.147E-06   0.144E-06   0.140E-06   0.136E-06   0.131E-06   0.126E-06   0.121E-06   0.115E-06
   22.400   0.148E-06   0.148E-06   0.146E-06   0.144E-06   0.141E-06   0.138E-06   0.134E-06   0.129E-06   0.124E-06   0.119E-06   0.114E-06
   22.500   0.145E-06   0.145E-06   0.144E-06   0.141E-06   0.139E-06   0.135E-06   0.131E-06   0.127E-06   0.122E-06   0.117E-06   0.112E-06
   22.600   0.142E-06   0.142E-06   0.141E-06   0.139E-06   0.136E-06   0.133E-06   0.129E-06   0.125E-06   0.120E-06   0.115E-06   0.110E-06
   22.700   0.139E-06   0.139E-06   0.138E-06   0.136E-06   0.133E-06   0.130E-06   0.126E-06   0.122E-06   0.118E-06   0.113E-06   0.109E-06
   22.800   0.136E-06   0.136E-06   0.135E-06   0.133E-06   0.130E-06   0.127E-06   0.124E-06   0.120E-06   0.116E-06   0.112E-06   0.107E-06
   22.900   0.133E-06   0.132E-06   0.131E-06   0.130E-06   0.128E-06   0.125E-06   0.122E-06   0.118E-06   0.114E-06   0.110E-06   0.105E-06
   23.000   0.130E-06   0.129E-06   0.128E-06   0.127E-06   0.125E-06   0.122E-06   0.119E-06   0.115E-06   0.112E-06   0.108E-06   0.103E-06
   23.100   0.126E-06   0.126E-06   0.125E-06   0.124E-06   0.122E-06   0.119E-06   0.116E-06   0.113E-06   0.109E-06   0.106E-06   0.102E-06
   23.200   0.123E-06   0.123E-06   0.122E-06   0.121E-06   0.119E-06   0.117E-06   0.114E-06   0.111E-06   0.107E-06   0.104E-06   0.998E-07
   23.300   0.120E-06   0.120E-06   0.119E-06   0.118E-06   0.116E-06   0.114E-06   0.111E-06   0.108E-06   0.105E-06   0.102E-06   0.979E-07
   23.400   0.117E-06   0.117E-06   0.116E-06   0.115E-06   0.113E-06   0.111E-06   0.109E-06   0.106E-06   0.103E-06   0.996E-07   0.961E-07
   23.500   0.114E-06   0.114E-06   0.113E-06   0.112E-06   0.110E-06   0.109E-06   0.106E-06   0.104E-06   0.101E-06   0.976E-07   0.943E-07
   23.600   0.111E-06   0.111E-06   0.110E-06   0.109E-06   0.108E-06   0.106E-06   0.104E-06   0.101E-06   0.986E-07   0.956E-07   0.925E-07
   23.700   0.108E-06   0.108E-06   0.107E-06   0.106E-06   0.105E-06   0.103E-06   0.101E-06   0.990E-07   0.965E-07   0.937E-07   0.907E-07
   23.800   0.105E-06   0.105E-06   0.104E-06   0.103E-06   0.102E-06   0.101E-06   0.989E-07   0.968E-07   0.944E-07   0.917E-07   0.889E-07
   23.900   0.102E-06   0.102E-06   0.102E-06   0.101E-06   0.996E-07   0.982E-07   0.965E-07   0.945E-07   0.923E-07   0.898E-07   0.871E-07
   24.000   0.994E-07   0.993E-07   0.988E-07   0.981E-07   0.971E-07   0.958E-07   0.942E-07   0.923E-07   0.902E-07   0.879E-07   0.854E-07
   24.100   0.967E-07   0.965E-07   0.962E-07   0.955E-07   0.946E-07   0.934E-07   0.919E-07   0.902E-07   0.882E-07   0.860E-07   0.836E-07
   24.200   0.940E-07   0.939E-07   0.936E-07   0.929E-07   0.921E-07   0.910E-07   0.896E-07   0.880E-07   0.862E-07   0.842E-07   0.819E-07
   24.300   0.915E-07   0.914E-07   0.910E-07   0.905E-07   0.897E-07   0.887E-07   0.874E-07   0.860E-07   0.843E-07   0.823E-07   0.802E-07
   24.400   0.890E-07   0.889E-07   0.886E-07   0.881E-07   0.874E-07   0.864E-07   0.853E-07   0.839E-07   0.823E-07   0.806E-07   0.786E-07
   24.500   0.865E-07   0.864E-07   0.862E-07   0.857E-07   0.851E-07   0.842E-07   0.832E-07   0.819E-07   0.805E-07   0.788E-07   0.769E-07
   24.600   0.842E-07   0.841E-07   0.839E-07   0.835E-07   0.829E-07   0.821E-07   0.811E-07   0.800E-07   0.786E-07   0.771E-07   0.753E-07
   24.700   0.819E-07   0.818E-07   0.816E-07   0.812E-07   0.807E-07   0.800E-07   0.792E-07   0.781E-07   0.768E-07   0.754E-07   0.738E-07
   24.800   0.797E-07   0.796E-07   0.794E-07   0.791E-07   0.786E-07   0.780E-07   0.772E-07   0.762E-07   0.751E-07   0.737E-07   0.722E-07
   24.900   0.775E-07   0.775E-07   0.773E-07   0.770E-07   0.766E-07   0.760E-07   0.753E-07   0.744E-07   0.734E-07   0.721E-07   0.707E-07
   25.000   0.755E-07   0.754E-07   0.753E-07   0.750E-07   0.746E-07   0.741E-07   0.735E-07   0.727E-07   0.717E-07   0.706E-07   0.692E-07
   25.100   0.735E-07   0.734E-07   0.733E-07   0.731E-07   0.727E-07   0.723E-07   0.717E-07   0.710E-07   0.701E-07   0.690E-07   0.678E-07
   25.200   0.715E-07   0.715E-07   0.714E-07   0.712E-07   0.709E-07   0.705E-07   0.700E-07   0.693E-07   0.685E-07   0.675E-07   0.664E-07
   25.300   0.696E-07   0.696E-07   0.695E-07   0.693E-07   0.691E-07   0.687E-07   0.683E-07   0.677E-07   0.669E-07   0.660E-07   0.650E-07
   25.400   0.678E-07   0.678E-07   0.677E-07   0.676E-07   0.674E-07   0.670E-07   0.666E-07   0.661E-07   0.654E-07   0.646E-07   0.636E-07
   25.500   0.661E-07   0.660E-07   0.660E-07   0.659E-07   0.657E-07   0.654E-07   0.650E-07   0.646E-07   0.640E-07   0.632E-07   0.623E-07
   25.600   0.644E-07   0.644E-07   0.643E-07   0.642E-07   0.640E-07   0.638E-07   0.635E-07   0.631E-07   0.625E-07   0.619E-07   0.610E-07
   25.700   0.627E-07   0.627E-07   0.627E-07   0.626E-07   0.625E-07   0.623E-07   0.620E-07   0.616E-07   0.611E-07   0.605E-07   0.598E-07
   25.800   0.611E-07   0.611E-07   0.611E-07   0.610E-07   0.609E-07   0.608E-07   0.606E-07   0.602E-07   0.598E-07   0.592E-07   0.585E-07
   25.900   0.596E-07   0.596E-07   0.596E-07   0.595E-07   0.595E-07   0.593E-07   0.591E-07   0.589E-07   0.585E-07   0.580E-07   0.573E-07
   26.000   0.581E-07   0.581E-07   0.581E-07   0.581E-07   0.580E-07   0.579E-07   0.578E-07   0.575E-07   0.572E-07   0.567E-07   0.562E-07
   26.100   0.567E-07   0.567E-07   0.567E-07   0.567E-07   0.567E-07   0.566E-07   0.564E-07   0.562E-07   0.559E-07   0.555E-07   0.550E-07
   26.200   0.553E-07   0.553E-07   0.553E-07   0.553E-07   0.553E-07   0.553E-07   0.552E-07   0.550E-07   0.547E-07   0.544E-07   0.539E-07
   26.300   0.540E-07   0.540E-07   0.540E-07   0.540E-07   0.540E-07   0.540E-07   0.539E-07   0.538E-07   0.536E-07   0.533E-07   0.528E-07
   26.400   0.527E-07   0.527E-07   0.527E-07   0.527E-07   0.528E-07   0.527E-07   0.527E-07   0.526E-07   0.524E-07   0.521E-07   0.518E-07
   26.500   0.514E-07   0.514E-07   0.515E-07   0.515E-07   0.515E-07   0.515E-07   0.515E-07   0.515E-07   0.513E-07   0.511E-07   0.507E-07
   26.600   0.502E-07   0.502E-07   0.503E-07   0.503E-07   0.504E-07   0.504E-07   0.504E-07   0.503E-07   0.502E-07   0.500E-07   0.497E-07
   26.700   0.491E-07   0.491E-07   0.491E-07   0.492E-07   0.492E-07   0.493E-07   0.493E-07   0.493E-07   0.492E-07   0.490E-07   0.488E-07
   26.800   0.479E-07   0.479E-07   0.480E-07   0.480E-07   0.481E-07   0.482E-07   0.482E-07   0.482E-07   0.482E-07   0.480E-07   0.478E-07
   26.900   0.468E-07   0.468E-07   0.469E-07   0.470E-07   0.470E-07   0.471E-07   0.472E-07   0.472E-07   0.472E-07   0.471E-07   0.469E-07
   27.000   0.458E-07   0.458E-07   0.458E-07   0.459E-07   0.460E-07   0.461E-07   0.462E-07   0.462E-07   0.462E-07   0.461E-07   0.460E-07
   27.100   0.448E-07   0.448E-07   0.448E-07   0.449E-07   0.450E-07   0.451E-07   0.452E-07   0.452E-07   0.453E-07   0.452E-07   0.451E-07
   27.200   0.438E-07   0.438E-07   0.438E-07   0.439E-07   0.440E-07   0.441E-07   0.442E-07   0.443E-07   0.443E-07   0.443E-07   0.442E-07
   27.300   0.428E-07   0.428E-07   0.429E-07   0.430E-07   0.431E-07   0.432E-07   0.433E-07   0.434E-07   0.435E-07   0.435E-07   0.434E-07
   27.400   0.419E-07   0.419E-07   0.419E-07   0.420E-07   0.422E-07   0.423E-07   0.424E-07   0.425E-07   0.426E-07   0.426E-07   0.426E-07
   27.500   0.410E-07   0.410E-07   0.410E-07   0.411E-07   0.413E-07   0.414E-07   0.415E-07   0.417E-07   0.418E-07   0.418E-07   0.418E-07
   27.600   0.401E-07   0.401E-07   0.402E-07   0.403E-07   0.404E-07   0.406E-07   0.407E-07   0.408E-07   0.409E-07   0.410E-07   0.410E-07
   27.700   0.392E-07   0.393E-07   0.393E-07   0.394E-07   0.396E-07   0.397E-07   0.399E-07   0.400E-07   0.401E-07   0.402E-07   0.402E-07
   27.800   0.384E-07   0.385E-07   0.385E-07   0.386E-07   0.388E-07   0.389E-07   0.391E-07   0.392E-07   0.394E-07   0.395E-07   0.395E-07
   27.900   0.376E-07   0.377E-07   0.377E-07   0.378E-07   0.380E-07   0.381E-07   0.383E-07   0.385E-07   0.386E-07   0.387E-07   0.388E-07
   28.000   0.369E-07   0.369E-07   0.370E-07   0.371E-07   0.372E-07   0.374E-07   0.376E-07   0.377E-07   0.379E-07   0.380E-07   0.381E-07
   28.100   0.361E-07   0.361E-07   0.362E-07   0.363E-07   0.365E-07   0.366E-07   0.368E-07   0.370E-07   0.372E-07   0.373E-07   0.374E-07
   28.200   0.354E-07   0.354E-07   0.355E-07   0.356E-07   0.358E-07   0.359E-07   0.361E-07   0.363E-07   0.365E-07   0.366E-07   0.367E-07
   28.300   0.347E-07   0.347E-07   0.348E-07   0.349E-07   0.351E-07   0.352E-07   0.354E-07   0.356E-07   0.358E-07   0.360E-07   0.361E-07
   28.400   0.340E-07   0.340E-07   0.341E-07   0.342E-07   0.344E-07   0.346E-07   0.348E-07   0.350E-07   0.352E-07   0.353E-07   0.354E-07
   28.500   0.333E-07   0.334E-07   0.334E-07   0.336E-07   0.337E-07   0.339E-07   0.341E-07   0.343E-07   0.345E-07   0.347E-07   0.348E-07
   28.600   0.327E-07   0.327E-07   0.328E-07   0.329E-07   0.331E-07   0.333E-07   0.335E-07   0.337E-07   0.339E-07   0.341E-07   0.342E-07
   28.700   0.321E-07   0.321E-07   0.322E-07   0.323E-07   0.325E-07   0.326E-07   0.329E-07   0.331E-07   0.333E-07   0.335E-07   0.336E-07
   28.800   0.315E-07   0.315E-07   0.316E-07   0.317E-07   0.318E-07   0.320E-07   0.323E-07   0.325E-07   0.327E-07   0.329E-07   0.331E-07
   28.900   0.309E-07   0.309E-07   0.310E-07   0.311E-07   0.313E-07   0.315E-07   0.317E-07   0.319E-07   0.321E-07   0.323E-07   0.325E-07
   29.000   0.303E-07   0.303E-07   0.304E-07   0.305E-07   0.307E-07   0.309E-07   0.311E-07   0.313E-07   0.316E-07   0.318E-07   0.320E-07
   29.100   0.297E-07   0.298E-07   0.298E-07   0.300E-07   0.301E-07   0.303E-07   0.305E-07   0.308E-07   0.310E-07   0.312E-07   0.314E-07
   29.200   0.292E-07   0.292E-07   0.293E-07   0.294E-07   0.296E-07   0.298E-07   0.300E-07   0.302E-07   0.305E-07   0.307E-07   0.309E-07
   29.300   0.287E-07   0.287E-07   0.288E-07   0.289E-07   0.291E-07   0.293E-07   0.295E-07   0.297E-07   0.300E-07   0.302E-07   0.304E-07
   29.400   0.282E-07   0.282E-07   0.283E-07   0.284E-07   0.286E-07   0.287E-07   0.290E-07   0.292E-07   0.295E-07   0.297E-07   0.299E-07
   29.500   0.277E-07   0.277E-07   0.278E-07   0.279E-07   0.281E-07   0.282E-07   0.285E-07   0.287E-07   0.290E-07   0.292E-07   0.294E-07
   29.600   0.272E-07   0.272E-07   0.273E-07   0.274E-07   0.276E-07   0.278E-07   0.280E-07   0.282E-07   0.285E-07   0.287E-07   0.289E-07
   29.700   0.267E-07   0.267E-07   0.268E-07   0.269E-07   0.271E-07   0.273E-07   0.275E-07   0.278E-07   0.280E-07   0.282E-07   0.285E-07
   29.800   0.262E-07   0.263E-07   0.263E-07   0.265E-07   0.266E-07   0.268E-07   0.271E-07   0.273E-07   0.275E-07   0.278E-07   0.280E-07
   29.900   0.258E-07   0.258E-07   0.259E-07   0.260E-07   0.262E-07   0.264E-07   0.266E-07   0.268E-07   0.271E-07   0.273E-07   0.276E-07
   30.000   0.254E-07   0.254E-07   0.255E-07   0.256E-07   0.257E-07   0.259E-07   0.262E-07   0.264E-07   0.267E-07   0.269E-07   0.271E-07
