# fe1_the_013_022_photoabs_h_SMLO.dat                    
#
# Z = 13, A = 22
#
# Parameters:  Er1 = 18.889,  Wr1 =  5.913,  S1 =   0.400,  Er2 = 24.105,  Wr2 =  7.365,  S2 =   0.800,  beta=  0.291
# No. of entries:  300
# Col 1: photon energy E in MeV
# Col 2-11: E1 photoabsorption PSF (fe1 in MeV^-3) for nucleus at the temperatures T=0-2 MeV
# Format: f9.3, 11e12.3
# Authors:  V.A.Plujko, O.M. Gorbachenko, K.M. Solodovnyk (TSNU)
#   E         T=0.0       T=0.2       T=0.4       T=0.6       T=0.8       T=1.0       T=1.2       T=1.4       T=1.6       T=1.8       T=2.0
    0.100   0.301E-12   0.135E-11   0.549E-11   0.154E-10   0.337E-10   0.632E-10   0.107E-09   0.167E-09   0.246E-09   0.348E-09   0.475E-09
    0.200   0.120E-11   0.263E-11   0.771E-11   0.188E-10   0.385E-10   0.697E-10   0.115E-09   0.177E-09   0.259E-09   0.363E-09   0.493E-09
    0.300   0.271E-11   0.437E-11   0.103E-10   0.226E-10   0.437E-10   0.766E-10   0.124E-09   0.188E-09   0.273E-09   0.379E-09   0.512E-09
    0.400   0.482E-11   0.663E-11   0.134E-10   0.268E-10   0.494E-10   0.840E-10   0.133E-09   0.200E-09   0.286E-09   0.396E-09   0.531E-09
    0.500   0.753E-11   0.945E-11   0.170E-10   0.315E-10   0.556E-10   0.918E-10   0.143E-09   0.212E-09   0.301E-09   0.413E-09   0.551E-09
    0.600   0.109E-10   0.129E-10   0.210E-10   0.367E-10   0.622E-10   0.100E-09   0.153E-09   0.224E-09   0.316E-09   0.431E-09   0.572E-09
    0.700   0.148E-10   0.169E-10   0.256E-10   0.424E-10   0.693E-10   0.109E-09   0.164E-09   0.237E-09   0.331E-09   0.449E-09   0.593E-09
    0.800   0.193E-10   0.215E-10   0.308E-10   0.486E-10   0.770E-10   0.118E-09   0.175E-09   0.251E-09   0.347E-09   0.468E-09   0.615E-09
    0.900   0.245E-10   0.268E-10   0.366E-10   0.554E-10   0.851E-10   0.128E-09   0.187E-09   0.265E-09   0.364E-09   0.487E-09   0.637E-09
    1.000   0.302E-10   0.327E-10   0.429E-10   0.627E-10   0.939E-10   0.139E-09   0.200E-09   0.280E-09   0.381E-09   0.507E-09   0.660E-09
    1.100   0.366E-10   0.393E-10   0.499E-10   0.707E-10   0.103E-09   0.150E-09   0.213E-09   0.295E-09   0.399E-09   0.528E-09   0.684E-09
    1.200   0.436E-10   0.465E-10   0.575E-10   0.792E-10   0.113E-09   0.161E-09   0.226E-09   0.311E-09   0.418E-09   0.549E-09   0.709E-09
    1.300   0.513E-10   0.543E-10   0.658E-10   0.883E-10   0.123E-09   0.173E-09   0.240E-09   0.327E-09   0.437E-09   0.571E-09   0.734E-09
    1.400   0.595E-10   0.628E-10   0.747E-10   0.981E-10   0.135E-09   0.186E-09   0.255E-09   0.344E-09   0.456E-09   0.594E-09   0.760E-09
    1.500   0.684E-10   0.719E-10   0.843E-10   0.109E-09   0.146E-09   0.200E-09   0.271E-09   0.362E-09   0.477E-09   0.617E-09   0.786E-09
    1.600   0.780E-10   0.817E-10   0.945E-10   0.120E-09   0.159E-09   0.214E-09   0.287E-09   0.381E-09   0.498E-09   0.641E-09   0.814E-09
    1.700   0.882E-10   0.921E-10   0.105E-09   0.131E-09   0.172E-09   0.228E-09   0.304E-09   0.400E-09   0.520E-09   0.666E-09   0.842E-09
    1.800   0.990E-10   0.103E-09   0.117E-09   0.144E-09   0.185E-09   0.244E-09   0.321E-09   0.420E-09   0.542E-09   0.692E-09   0.871E-09
    1.900   0.110E-09   0.115E-09   0.129E-09   0.157E-09   0.200E-09   0.260E-09   0.339E-09   0.440E-09   0.566E-09   0.718E-09   0.900E-09
    2.000   0.123E-09   0.127E-09   0.142E-09   0.171E-09   0.215E-09   0.277E-09   0.358E-09   0.462E-09   0.590E-09   0.745E-09   0.931E-09
    2.100   0.135E-09   0.140E-09   0.156E-09   0.185E-09   0.231E-09   0.294E-09   0.378E-09   0.484E-09   0.615E-09   0.773E-09   0.962E-09
    2.200   0.149E-09   0.154E-09   0.170E-09   0.200E-09   0.247E-09   0.312E-09   0.398E-09   0.506E-09   0.640E-09   0.802E-09   0.994E-09
    2.300   0.163E-09   0.169E-09   0.185E-09   0.216E-09   0.264E-09   0.331E-09   0.419E-09   0.530E-09   0.666E-09   0.831E-09   0.103E-08
    2.400   0.178E-09   0.184E-09   0.201E-09   0.233E-09   0.282E-09   0.351E-09   0.441E-09   0.554E-09   0.694E-09   0.862E-09   0.106E-08
    2.500   0.194E-09   0.200E-09   0.218E-09   0.251E-09   0.301E-09   0.371E-09   0.463E-09   0.579E-09   0.722E-09   0.893E-09   0.110E-08
    2.600   0.210E-09   0.216E-09   0.235E-09   0.269E-09   0.321E-09   0.393E-09   0.487E-09   0.605E-09   0.751E-09   0.925E-09   0.113E-08
    2.700   0.227E-09   0.233E-09   0.253E-09   0.288E-09   0.341E-09   0.415E-09   0.511E-09   0.632E-09   0.780E-09   0.958E-09   0.117E-08
    2.800   0.245E-09   0.251E-09   0.272E-09   0.308E-09   0.362E-09   0.438E-09   0.536E-09   0.660E-09   0.811E-09   0.992E-09   0.121E-08
    2.900   0.263E-09   0.270E-09   0.291E-09   0.328E-09   0.384E-09   0.461E-09   0.562E-09   0.688E-09   0.842E-09   0.103E-08   0.125E-08
    3.000   0.283E-09   0.290E-09   0.311E-09   0.349E-09   0.407E-09   0.486E-09   0.589E-09   0.718E-09   0.875E-09   0.106E-08   0.128E-08
    3.100   0.303E-09   0.310E-09   0.332E-09   0.372E-09   0.430E-09   0.511E-09   0.616E-09   0.748E-09   0.908E-09   0.110E-08   0.133E-08
    3.200   0.323E-09   0.331E-09   0.354E-09   0.395E-09   0.455E-09   0.537E-09   0.645E-09   0.779E-09   0.943E-09   0.114E-08   0.137E-08
    3.300   0.345E-09   0.353E-09   0.377E-09   0.418E-09   0.480E-09   0.565E-09   0.674E-09   0.811E-09   0.978E-09   0.118E-08   0.141E-08
    3.400   0.368E-09   0.376E-09   0.400E-09   0.443E-09   0.506E-09   0.593E-09   0.705E-09   0.844E-09   0.101E-08   0.122E-08   0.145E-08
    3.500   0.391E-09   0.399E-09   0.425E-09   0.469E-09   0.533E-09   0.622E-09   0.736E-09   0.879E-09   0.105E-08   0.126E-08   0.150E-08
    3.600   0.415E-09   0.424E-09   0.450E-09   0.495E-09   0.561E-09   0.652E-09   0.768E-09   0.914E-09   0.109E-08   0.130E-08   0.155E-08
    3.700   0.440E-09   0.449E-09   0.476E-09   0.522E-09   0.590E-09   0.682E-09   0.802E-09   0.950E-09   0.113E-08   0.134E-08   0.159E-08
    3.800   0.466E-09   0.475E-09   0.503E-09   0.550E-09   0.620E-09   0.714E-09   0.836E-09   0.987E-09   0.117E-08   0.139E-08   0.164E-08
    3.900   0.492E-09   0.502E-09   0.531E-09   0.579E-09   0.651E-09   0.747E-09   0.871E-09   0.103E-08   0.121E-08   0.143E-08   0.169E-08
    4.000   0.520E-09   0.530E-09   0.559E-09   0.609E-09   0.682E-09   0.781E-09   0.908E-09   0.106E-08   0.125E-08   0.148E-08   0.174E-08
    4.100   0.548E-09   0.558E-09   0.589E-09   0.640E-09   0.715E-09   0.816E-09   0.945E-09   0.111E-08   0.130E-08   0.153E-08   0.179E-08
    4.200   0.578E-09   0.588E-09   0.619E-09   0.672E-09   0.749E-09   0.852E-09   0.984E-09   0.115E-08   0.134E-08   0.158E-08   0.185E-08
    4.300   0.608E-09   0.619E-09   0.651E-09   0.705E-09   0.784E-09   0.889E-09   0.102E-08   0.119E-08   0.139E-08   0.163E-08   0.190E-08
    4.400   0.639E-09   0.650E-09   0.684E-09   0.739E-09   0.820E-09   0.927E-09   0.106E-08   0.123E-08   0.144E-08   0.168E-08   0.196E-08
    4.500   0.672E-09   0.683E-09   0.717E-09   0.774E-09   0.856E-09   0.966E-09   0.111E-08   0.128E-08   0.149E-08   0.173E-08   0.202E-08
    4.600   0.705E-09   0.717E-09   0.752E-09   0.810E-09   0.894E-09   0.101E-08   0.115E-08   0.133E-08   0.154E-08   0.179E-08   0.208E-08
    4.700   0.739E-09   0.751E-09   0.787E-09   0.847E-09   0.934E-09   0.105E-08   0.119E-08   0.137E-08   0.159E-08   0.184E-08   0.214E-08
    4.800   0.775E-09   0.787E-09   0.824E-09   0.886E-09   0.974E-09   0.109E-08   0.124E-08   0.142E-08   0.164E-08   0.190E-08   0.220E-08
    4.900   0.811E-09   0.824E-09   0.862E-09   0.925E-09   0.102E-08   0.113E-08   0.129E-08   0.147E-08   0.170E-08   0.196E-08   0.226E-08
    5.000   0.849E-09   0.862E-09   0.901E-09   0.966E-09   0.106E-08   0.118E-08   0.133E-08   0.152E-08   0.175E-08   0.202E-08   0.233E-08
    5.100   0.888E-09   0.901E-09   0.941E-09   0.101E-08   0.110E-08   0.123E-08   0.138E-08   0.158E-08   0.181E-08   0.208E-08   0.240E-08
    5.200   0.928E-09   0.941E-09   0.982E-09   0.105E-08   0.115E-08   0.127E-08   0.143E-08   0.163E-08   0.187E-08   0.214E-08   0.246E-08
    5.300   0.969E-09   0.983E-09   0.102E-08   0.109E-08   0.119E-08   0.132E-08   0.149E-08   0.169E-08   0.193E-08   0.221E-08   0.253E-08
    5.400   0.101E-08   0.103E-08   0.107E-08   0.114E-08   0.124E-08   0.137E-08   0.154E-08   0.175E-08   0.199E-08   0.228E-08   0.261E-08
    5.500   0.105E-08   0.107E-08   0.111E-08   0.119E-08   0.129E-08   0.143E-08   0.160E-08   0.180E-08   0.205E-08   0.234E-08   0.268E-08
    5.600   0.110E-08   0.111E-08   0.116E-08   0.123E-08   0.134E-08   0.148E-08   0.165E-08   0.187E-08   0.212E-08   0.241E-08   0.276E-08
    5.700   0.115E-08   0.116E-08   0.121E-08   0.128E-08   0.139E-08   0.153E-08   0.171E-08   0.193E-08   0.218E-08   0.249E-08   0.283E-08
    5.800   0.119E-08   0.121E-08   0.126E-08   0.133E-08   0.144E-08   0.159E-08   0.177E-08   0.199E-08   0.225E-08   0.256E-08   0.291E-08
    5.900   0.124E-08   0.126E-08   0.131E-08   0.139E-08   0.150E-08   0.165E-08   0.183E-08   0.206E-08   0.232E-08   0.264E-08   0.299E-08
    6.000   0.129E-08   0.131E-08   0.136E-08   0.144E-08   0.156E-08   0.171E-08   0.190E-08   0.212E-08   0.240E-08   0.271E-08   0.308E-08
    6.100   0.134E-08   0.136E-08   0.141E-08   0.150E-08   0.161E-08   0.177E-08   0.196E-08   0.219E-08   0.247E-08   0.279E-08   0.316E-08
    6.200   0.140E-08   0.141E-08   0.147E-08   0.155E-08   0.167E-08   0.183E-08   0.203E-08   0.226E-08   0.255E-08   0.287E-08   0.325E-08
    6.300   0.145E-08   0.147E-08   0.152E-08   0.161E-08   0.173E-08   0.189E-08   0.209E-08   0.234E-08   0.262E-08   0.296E-08   0.334E-08
    6.400   0.151E-08   0.153E-08   0.158E-08   0.167E-08   0.180E-08   0.196E-08   0.216E-08   0.241E-08   0.270E-08   0.304E-08   0.343E-08
    6.500   0.157E-08   0.159E-08   0.164E-08   0.173E-08   0.186E-08   0.203E-08   0.224E-08   0.249E-08   0.279E-08   0.313E-08   0.353E-08
    6.600   0.163E-08   0.165E-08   0.170E-08   0.180E-08   0.193E-08   0.210E-08   0.231E-08   0.257E-08   0.287E-08   0.322E-08   0.362E-08
    6.700   0.169E-08   0.171E-08   0.176E-08   0.186E-08   0.200E-08   0.217E-08   0.239E-08   0.265E-08   0.296E-08   0.331E-08   0.372E-08
    6.800   0.175E-08   0.177E-08   0.183E-08   0.193E-08   0.207E-08   0.224E-08   0.246E-08   0.273E-08   0.304E-08   0.341E-08   0.382E-08
    6.900   0.182E-08   0.184E-08   0.190E-08   0.200E-08   0.214E-08   0.232E-08   0.254E-08   0.282E-08   0.314E-08   0.351E-08   0.393E-08
    7.000   0.188E-08   0.190E-08   0.197E-08   0.207E-08   0.221E-08   0.240E-08   0.263E-08   0.290E-08   0.323E-08   0.361E-08   0.404E-08
    7.100   0.195E-08   0.197E-08   0.204E-08   0.214E-08   0.229E-08   0.248E-08   0.271E-08   0.299E-08   0.332E-08   0.371E-08   0.415E-08
    7.200   0.202E-08   0.204E-08   0.211E-08   0.222E-08   0.237E-08   0.256E-08   0.280E-08   0.309E-08   0.342E-08   0.381E-08   0.426E-08
    7.300   0.210E-08   0.212E-08   0.218E-08   0.229E-08   0.245E-08   0.264E-08   0.289E-08   0.318E-08   0.352E-08   0.392E-08   0.437E-08
    7.400   0.217E-08   0.219E-08   0.226E-08   0.237E-08   0.253E-08   0.273E-08   0.298E-08   0.328E-08   0.363E-08   0.403E-08   0.449E-08
    7.500   0.225E-08   0.227E-08   0.234E-08   0.245E-08   0.261E-08   0.282E-08   0.307E-08   0.338E-08   0.373E-08   0.414E-08   0.461E-08
    7.600   0.233E-08   0.235E-08   0.242E-08   0.254E-08   0.270E-08   0.291E-08   0.317E-08   0.348E-08   0.384E-08   0.426E-08   0.474E-08
    7.700   0.241E-08   0.243E-08   0.250E-08   0.262E-08   0.279E-08   0.300E-08   0.327E-08   0.358E-08   0.395E-08   0.438E-08   0.486E-08
    7.800   0.249E-08   0.252E-08   0.259E-08   0.271E-08   0.288E-08   0.310E-08   0.337E-08   0.369E-08   0.407E-08   0.450E-08   0.500E-08
    7.900   0.258E-08   0.260E-08   0.268E-08   0.280E-08   0.298E-08   0.320E-08   0.348E-08   0.380E-08   0.419E-08   0.463E-08   0.513E-08
    8.000   0.267E-08   0.269E-08   0.277E-08   0.290E-08   0.307E-08   0.330E-08   0.358E-08   0.392E-08   0.431E-08   0.476E-08   0.527E-08
    8.100   0.276E-08   0.279E-08   0.286E-08   0.299E-08   0.318E-08   0.341E-08   0.369E-08   0.404E-08   0.443E-08   0.489E-08   0.541E-08
    8.200   0.286E-08   0.288E-08   0.296E-08   0.309E-08   0.328E-08   0.352E-08   0.381E-08   0.416E-08   0.456E-08   0.503E-08   0.555E-08
    8.300   0.295E-08   0.298E-08   0.306E-08   0.320E-08   0.338E-08   0.363E-08   0.393E-08   0.428E-08   0.469E-08   0.517E-08   0.570E-08
    8.400   0.305E-08   0.308E-08   0.316E-08   0.330E-08   0.349E-08   0.374E-08   0.405E-08   0.441E-08   0.483E-08   0.531E-08   0.586E-08
    8.500   0.316E-08   0.318E-08   0.327E-08   0.341E-08   0.361E-08   0.386E-08   0.417E-08   0.454E-08   0.497E-08   0.546E-08   0.601E-08
    8.600   0.326E-08   0.329E-08   0.338E-08   0.352E-08   0.372E-08   0.398E-08   0.430E-08   0.467E-08   0.511E-08   0.561E-08   0.617E-08
    8.700   0.337E-08   0.340E-08   0.349E-08   0.364E-08   0.384E-08   0.411E-08   0.443E-08   0.481E-08   0.526E-08   0.577E-08   0.634E-08
    8.800   0.349E-08   0.352E-08   0.361E-08   0.376E-08   0.397E-08   0.423E-08   0.456E-08   0.495E-08   0.541E-08   0.593E-08   0.651E-08
    8.900   0.360E-08   0.363E-08   0.372E-08   0.388E-08   0.409E-08   0.437E-08   0.470E-08   0.510E-08   0.556E-08   0.609E-08   0.668E-08
    9.000   0.372E-08   0.375E-08   0.385E-08   0.400E-08   0.422E-08   0.450E-08   0.485E-08   0.525E-08   0.572E-08   0.626E-08   0.686E-08
    9.100   0.385E-08   0.388E-08   0.397E-08   0.413E-08   0.436E-08   0.464E-08   0.499E-08   0.541E-08   0.589E-08   0.643E-08   0.705E-08
    9.200   0.397E-08   0.401E-08   0.410E-08   0.427E-08   0.450E-08   0.479E-08   0.514E-08   0.557E-08   0.606E-08   0.661E-08   0.724E-08
    9.300   0.410E-08   0.414E-08   0.424E-08   0.441E-08   0.464E-08   0.494E-08   0.530E-08   0.573E-08   0.623E-08   0.680E-08   0.743E-08
    9.400   0.424E-08   0.427E-08   0.438E-08   0.455E-08   0.478E-08   0.509E-08   0.546E-08   0.590E-08   0.641E-08   0.699E-08   0.763E-08
    9.500   0.438E-08   0.442E-08   0.452E-08   0.469E-08   0.494E-08   0.525E-08   0.563E-08   0.608E-08   0.659E-08   0.718E-08   0.784E-08
    9.600   0.452E-08   0.456E-08   0.467E-08   0.484E-08   0.509E-08   0.541E-08   0.580E-08   0.625E-08   0.678E-08   0.738E-08   0.805E-08
    9.700   0.467E-08   0.471E-08   0.482E-08   0.500E-08   0.525E-08   0.558E-08   0.597E-08   0.644E-08   0.698E-08   0.759E-08   0.827E-08
    9.800   0.483E-08   0.487E-08   0.498E-08   0.516E-08   0.542E-08   0.575E-08   0.615E-08   0.663E-08   0.718E-08   0.780E-08   0.849E-08
    9.900   0.499E-08   0.502E-08   0.514E-08   0.533E-08   0.559E-08   0.593E-08   0.634E-08   0.683E-08   0.738E-08   0.802E-08   0.872E-08
   10.000   0.515E-08   0.519E-08   0.531E-08   0.550E-08   0.577E-08   0.611E-08   0.653E-08   0.703E-08   0.760E-08   0.824E-08   0.896E-08
   10.100   0.532E-08   0.536E-08   0.548E-08   0.568E-08   0.595E-08   0.630E-08   0.673E-08   0.724E-08   0.782E-08   0.847E-08   0.920E-08
   10.200   0.550E-08   0.554E-08   0.566E-08   0.586E-08   0.614E-08   0.650E-08   0.694E-08   0.745E-08   0.804E-08   0.871E-08   0.945E-08
   10.300   0.568E-08   0.572E-08   0.584E-08   0.605E-08   0.634E-08   0.670E-08   0.715E-08   0.767E-08   0.828E-08   0.896E-08   0.971E-08
   10.400   0.586E-08   0.591E-08   0.603E-08   0.624E-08   0.654E-08   0.691E-08   0.737E-08   0.790E-08   0.852E-08   0.921E-08   0.997E-08
   10.500   0.606E-08   0.610E-08   0.623E-08   0.644E-08   0.674E-08   0.713E-08   0.759E-08   0.814E-08   0.876E-08   0.947E-08   0.102E-07
   10.600   0.626E-08   0.630E-08   0.643E-08   0.665E-08   0.696E-08   0.735E-08   0.782E-08   0.838E-08   0.902E-08   0.974E-08   0.105E-07
   10.700   0.646E-08   0.651E-08   0.664E-08   0.687E-08   0.718E-08   0.758E-08   0.806E-08   0.863E-08   0.928E-08   0.100E-07   0.108E-07
   10.800   0.668E-08   0.672E-08   0.686E-08   0.709E-08   0.741E-08   0.782E-08   0.831E-08   0.889E-08   0.955E-08   0.103E-07   0.111E-07
   10.900   0.690E-08   0.695E-08   0.709E-08   0.732E-08   0.765E-08   0.806E-08   0.857E-08   0.916E-08   0.983E-08   0.106E-07   0.114E-07
   11.000   0.713E-08   0.718E-08   0.732E-08   0.756E-08   0.789E-08   0.832E-08   0.883E-08   0.944E-08   0.101E-07   0.109E-07   0.117E-07
   11.100   0.737E-08   0.741E-08   0.756E-08   0.781E-08   0.815E-08   0.858E-08   0.911E-08   0.972E-08   0.104E-07   0.112E-07   0.121E-07
   11.200   0.761E-08   0.766E-08   0.781E-08   0.806E-08   0.841E-08   0.885E-08   0.939E-08   0.100E-07   0.107E-07   0.115E-07   0.124E-07
   11.300   0.787E-08   0.792E-08   0.807E-08   0.833E-08   0.868E-08   0.913E-08   0.968E-08   0.103E-07   0.110E-07   0.119E-07   0.127E-07
   11.400   0.813E-08   0.818E-08   0.834E-08   0.860E-08   0.896E-08   0.943E-08   0.998E-08   0.106E-07   0.114E-07   0.122E-07   0.131E-07
   11.500   0.840E-08   0.846E-08   0.862E-08   0.888E-08   0.925E-08   0.973E-08   0.103E-07   0.110E-07   0.117E-07   0.126E-07   0.135E-07
   11.600   0.869E-08   0.874E-08   0.891E-08   0.918E-08   0.956E-08   0.100E-07   0.106E-07   0.113E-07   0.121E-07   0.129E-07   0.138E-07
   11.700   0.898E-08   0.904E-08   0.920E-08   0.948E-08   0.987E-08   0.104E-07   0.110E-07   0.116E-07   0.124E-07   0.133E-07   0.142E-07
   11.800   0.929E-08   0.934E-08   0.951E-08   0.980E-08   0.102E-07   0.107E-07   0.113E-07   0.120E-07   0.128E-07   0.137E-07   0.146E-07
   11.900   0.960E-08   0.966E-08   0.984E-08   0.101E-07   0.105E-07   0.110E-07   0.117E-07   0.124E-07   0.132E-07   0.141E-07   0.151E-07
   12.000   0.993E-08   0.999E-08   0.102E-07   0.105E-07   0.109E-07   0.114E-07   0.120E-07   0.128E-07   0.136E-07   0.145E-07   0.155E-07
   12.100   0.103E-07   0.103E-07   0.105E-07   0.108E-07   0.112E-07   0.118E-07   0.124E-07   0.132E-07   0.140E-07   0.149E-07   0.159E-07
   12.200   0.106E-07   0.107E-07   0.109E-07   0.112E-07   0.116E-07   0.122E-07   0.128E-07   0.136E-07   0.144E-07   0.154E-07   0.164E-07
   12.300   0.110E-07   0.111E-07   0.112E-07   0.116E-07   0.120E-07   0.126E-07   0.132E-07   0.140E-07   0.149E-07   0.158E-07   0.168E-07
   12.400   0.114E-07   0.114E-07   0.116E-07   0.120E-07   0.124E-07   0.130E-07   0.137E-07   0.144E-07   0.153E-07   0.163E-07   0.173E-07
   12.500   0.118E-07   0.118E-07   0.120E-07   0.124E-07   0.128E-07   0.134E-07   0.141E-07   0.149E-07   0.158E-07   0.168E-07   0.178E-07
   12.600   0.122E-07   0.123E-07   0.125E-07   0.128E-07   0.133E-07   0.139E-07   0.146E-07   0.154E-07   0.163E-07   0.173E-07   0.183E-07
   12.700   0.126E-07   0.127E-07   0.129E-07   0.132E-07   0.137E-07   0.143E-07   0.150E-07   0.159E-07   0.168E-07   0.178E-07   0.189E-07
   12.800   0.131E-07   0.131E-07   0.134E-07   0.137E-07   0.142E-07   0.148E-07   0.155E-07   0.164E-07   0.173E-07   0.183E-07   0.194E-07
   12.900   0.135E-07   0.136E-07   0.138E-07   0.142E-07   0.147E-07   0.153E-07   0.160E-07   0.169E-07   0.179E-07   0.189E-07   0.200E-07
   13.000   0.140E-07   0.141E-07   0.143E-07   0.147E-07   0.152E-07   0.158E-07   0.166E-07   0.174E-07   0.184E-07   0.195E-07   0.206E-07
   13.100   0.145E-07   0.146E-07   0.148E-07   0.152E-07   0.157E-07   0.164E-07   0.171E-07   0.180E-07   0.190E-07   0.200E-07   0.212E-07
   13.200   0.151E-07   0.151E-07   0.154E-07   0.157E-07   0.163E-07   0.169E-07   0.177E-07   0.186E-07   0.196E-07   0.207E-07   0.218E-07
   13.300   0.156E-07   0.157E-07   0.159E-07   0.163E-07   0.168E-07   0.175E-07   0.183E-07   0.192E-07   0.202E-07   0.213E-07   0.224E-07
   13.400   0.162E-07   0.163E-07   0.165E-07   0.169E-07   0.174E-07   0.181E-07   0.189E-07   0.198E-07   0.209E-07   0.219E-07   0.231E-07
   13.500   0.168E-07   0.168E-07   0.171E-07   0.175E-07   0.181E-07   0.187E-07   0.196E-07   0.205E-07   0.215E-07   0.226E-07   0.238E-07
   13.600   0.174E-07   0.175E-07   0.177E-07   0.181E-07   0.187E-07   0.194E-07   0.202E-07   0.212E-07   0.222E-07   0.233E-07   0.245E-07
   13.700   0.180E-07   0.181E-07   0.184E-07   0.188E-07   0.194E-07   0.201E-07   0.209E-07   0.219E-07   0.229E-07   0.240E-07   0.252E-07
   13.800   0.187E-07   0.188E-07   0.191E-07   0.195E-07   0.201E-07   0.208E-07   0.216E-07   0.226E-07   0.237E-07   0.248E-07   0.259E-07
   13.900   0.194E-07   0.195E-07   0.198E-07   0.202E-07   0.208E-07   0.215E-07   0.224E-07   0.234E-07   0.244E-07   0.255E-07   0.267E-07
   14.000   0.202E-07   0.203E-07   0.205E-07   0.210E-07   0.216E-07   0.223E-07   0.232E-07   0.241E-07   0.252E-07   0.263E-07   0.275E-07
   14.100   0.209E-07   0.210E-07   0.213E-07   0.217E-07   0.223E-07   0.231E-07   0.240E-07   0.250E-07   0.260E-07   0.271E-07   0.283E-07
   14.200   0.217E-07   0.218E-07   0.221E-07   0.226E-07   0.232E-07   0.239E-07   0.248E-07   0.258E-07   0.269E-07   0.280E-07   0.291E-07
   14.300   0.226E-07   0.227E-07   0.229E-07   0.234E-07   0.240E-07   0.248E-07   0.257E-07   0.267E-07   0.277E-07   0.288E-07   0.299E-07
   14.400   0.235E-07   0.236E-07   0.238E-07   0.243E-07   0.249E-07   0.257E-07   0.266E-07   0.276E-07   0.286E-07   0.297E-07   0.308E-07
   14.500   0.244E-07   0.245E-07   0.248E-07   0.252E-07   0.258E-07   0.266E-07   0.275E-07   0.285E-07   0.296E-07   0.306E-07   0.317E-07
   14.600   0.253E-07   0.254E-07   0.257E-07   0.262E-07   0.268E-07   0.276E-07   0.285E-07   0.295E-07   0.305E-07   0.316E-07   0.326E-07
   14.700   0.263E-07   0.264E-07   0.267E-07   0.272E-07   0.278E-07   0.286E-07   0.295E-07   0.305E-07   0.315E-07   0.325E-07   0.336E-07
   14.800   0.274E-07   0.275E-07   0.278E-07   0.282E-07   0.289E-07   0.296E-07   0.305E-07   0.315E-07   0.325E-07   0.335E-07   0.345E-07
   14.900   0.285E-07   0.286E-07   0.289E-07   0.293E-07   0.300E-07   0.307E-07   0.316E-07   0.326E-07   0.336E-07   0.346E-07   0.355E-07
   15.000   0.296E-07   0.297E-07   0.300E-07   0.305E-07   0.311E-07   0.319E-07   0.327E-07   0.337E-07   0.346E-07   0.356E-07   0.365E-07
   15.100   0.308E-07   0.309E-07   0.312E-07   0.317E-07   0.323E-07   0.330E-07   0.339E-07   0.348E-07   0.357E-07   0.367E-07   0.375E-07
   15.200   0.320E-07   0.321E-07   0.324E-07   0.329E-07   0.335E-07   0.343E-07   0.351E-07   0.360E-07   0.369E-07   0.378E-07   0.386E-07
   15.300   0.333E-07   0.334E-07   0.337E-07   0.342E-07   0.348E-07   0.355E-07   0.363E-07   0.372E-07   0.381E-07   0.389E-07   0.397E-07
   15.400   0.347E-07   0.348E-07   0.350E-07   0.355E-07   0.361E-07   0.368E-07   0.376E-07   0.384E-07   0.392E-07   0.400E-07   0.407E-07
   15.500   0.361E-07   0.362E-07   0.364E-07   0.369E-07   0.375E-07   0.382E-07   0.389E-07   0.397E-07   0.405E-07   0.412E-07   0.418E-07
   15.600   0.375E-07   0.376E-07   0.379E-07   0.383E-07   0.389E-07   0.395E-07   0.403E-07   0.410E-07   0.417E-07   0.424E-07   0.430E-07
   15.700   0.390E-07   0.391E-07   0.394E-07   0.398E-07   0.403E-07   0.410E-07   0.417E-07   0.423E-07   0.430E-07   0.436E-07   0.441E-07
   15.800   0.406E-07   0.407E-07   0.410E-07   0.413E-07   0.419E-07   0.424E-07   0.431E-07   0.437E-07   0.443E-07   0.448E-07   0.452E-07
   15.900   0.422E-07   0.423E-07   0.426E-07   0.429E-07   0.434E-07   0.440E-07   0.445E-07   0.451E-07   0.456E-07   0.461E-07   0.464E-07
   16.000   0.439E-07   0.440E-07   0.442E-07   0.446E-07   0.450E-07   0.455E-07   0.460E-07   0.465E-07   0.470E-07   0.473E-07   0.475E-07
   16.100   0.457E-07   0.457E-07   0.459E-07   0.463E-07   0.467E-07   0.471E-07   0.476E-07   0.480E-07   0.483E-07   0.486E-07   0.487E-07
   16.200   0.475E-07   0.475E-07   0.477E-07   0.480E-07   0.484E-07   0.487E-07   0.491E-07   0.494E-07   0.497E-07   0.498E-07   0.499E-07
   16.300   0.493E-07   0.494E-07   0.495E-07   0.498E-07   0.501E-07   0.504E-07   0.507E-07   0.509E-07   0.511E-07   0.511E-07   0.510E-07
   16.400   0.512E-07   0.513E-07   0.514E-07   0.516E-07   0.518E-07   0.521E-07   0.523E-07   0.524E-07   0.525E-07   0.524E-07   0.522E-07
   16.500   0.532E-07   0.532E-07   0.533E-07   0.534E-07   0.536E-07   0.538E-07   0.539E-07   0.539E-07   0.538E-07   0.537E-07   0.534E-07
   16.600   0.551E-07   0.552E-07   0.552E-07   0.553E-07   0.554E-07   0.555E-07   0.555E-07   0.554E-07   0.552E-07   0.549E-07   0.545E-07
   16.700   0.571E-07   0.572E-07   0.572E-07   0.572E-07   0.573E-07   0.572E-07   0.571E-07   0.569E-07   0.566E-07   0.562E-07   0.556E-07
   16.800   0.592E-07   0.592E-07   0.592E-07   0.592E-07   0.591E-07   0.590E-07   0.588E-07   0.584E-07   0.580E-07   0.574E-07   0.567E-07
   16.900   0.612E-07   0.612E-07   0.612E-07   0.611E-07   0.609E-07   0.607E-07   0.604E-07   0.599E-07   0.593E-07   0.586E-07   0.578E-07
   17.000   0.633E-07   0.632E-07   0.632E-07   0.630E-07   0.628E-07   0.624E-07   0.620E-07   0.614E-07   0.607E-07   0.598E-07   0.589E-07
   17.100   0.653E-07   0.653E-07   0.651E-07   0.649E-07   0.646E-07   0.641E-07   0.635E-07   0.628E-07   0.620E-07   0.610E-07   0.600E-07
   17.200   0.673E-07   0.673E-07   0.671E-07   0.668E-07   0.664E-07   0.658E-07   0.651E-07   0.642E-07   0.632E-07   0.621E-07   0.610E-07
   17.300   0.693E-07   0.693E-07   0.690E-07   0.687E-07   0.681E-07   0.674E-07   0.666E-07   0.656E-07   0.645E-07   0.632E-07   0.620E-07
   17.400   0.713E-07   0.712E-07   0.709E-07   0.705E-07   0.698E-07   0.690E-07   0.680E-07   0.669E-07   0.656E-07   0.643E-07   0.629E-07
   17.500   0.732E-07   0.731E-07   0.727E-07   0.722E-07   0.715E-07   0.705E-07   0.694E-07   0.682E-07   0.668E-07   0.653E-07   0.638E-07
   17.600   0.750E-07   0.749E-07   0.745E-07   0.739E-07   0.730E-07   0.720E-07   0.708E-07   0.694E-07   0.679E-07   0.663E-07   0.647E-07
   17.700   0.767E-07   0.766E-07   0.762E-07   0.755E-07   0.745E-07   0.734E-07   0.720E-07   0.705E-07   0.689E-07   0.672E-07   0.656E-07
   17.800   0.784E-07   0.782E-07   0.777E-07   0.770E-07   0.760E-07   0.747E-07   0.732E-07   0.716E-07   0.699E-07   0.681E-07   0.664E-07
   17.900   0.799E-07   0.797E-07   0.792E-07   0.784E-07   0.773E-07   0.759E-07   0.743E-07   0.726E-07   0.708E-07   0.690E-07   0.671E-07
   18.000   0.813E-07   0.811E-07   0.806E-07   0.797E-07   0.785E-07   0.770E-07   0.754E-07   0.736E-07   0.717E-07   0.698E-07   0.678E-07
   18.100   0.826E-07   0.824E-07   0.818E-07   0.808E-07   0.796E-07   0.781E-07   0.763E-07   0.744E-07   0.725E-07   0.705E-07   0.685E-07
   18.200   0.837E-07   0.835E-07   0.829E-07   0.819E-07   0.806E-07   0.790E-07   0.772E-07   0.752E-07   0.732E-07   0.712E-07   0.691E-07
   18.300   0.847E-07   0.845E-07   0.839E-07   0.828E-07   0.815E-07   0.798E-07   0.780E-07   0.760E-07   0.739E-07   0.718E-07   0.697E-07
   18.400   0.856E-07   0.853E-07   0.847E-07   0.836E-07   0.822E-07   0.805E-07   0.786E-07   0.766E-07   0.745E-07   0.724E-07   0.703E-07
   18.500   0.863E-07   0.861E-07   0.854E-07   0.843E-07   0.829E-07   0.812E-07   0.792E-07   0.772E-07   0.751E-07   0.729E-07   0.708E-07
   18.600   0.869E-07   0.866E-07   0.859E-07   0.849E-07   0.834E-07   0.817E-07   0.798E-07   0.777E-07   0.756E-07   0.734E-07   0.713E-07
   18.700   0.873E-07   0.871E-07   0.864E-07   0.853E-07   0.839E-07   0.821E-07   0.802E-07   0.782E-07   0.760E-07   0.739E-07   0.718E-07
   18.800   0.876E-07   0.874E-07   0.867E-07   0.856E-07   0.842E-07   0.825E-07   0.806E-07   0.786E-07   0.764E-07   0.743E-07   0.722E-07
   18.900   0.878E-07   0.876E-07   0.869E-07   0.859E-07   0.845E-07   0.828E-07   0.809E-07   0.789E-07   0.768E-07   0.747E-07   0.726E-07
   19.000   0.879E-07   0.877E-07   0.871E-07   0.860E-07   0.847E-07   0.830E-07   0.812E-07   0.792E-07   0.771E-07   0.751E-07   0.730E-07
   19.100   0.880E-07   0.877E-07   0.871E-07   0.861E-07   0.848E-07   0.832E-07   0.814E-07   0.794E-07   0.774E-07   0.754E-07   0.733E-07
   19.200   0.879E-07   0.877E-07   0.871E-07   0.861E-07   0.848E-07   0.833E-07   0.816E-07   0.797E-07   0.777E-07   0.757E-07   0.737E-07
   19.300   0.878E-07   0.876E-07   0.870E-07   0.861E-07   0.849E-07   0.834E-07   0.817E-07   0.799E-07   0.779E-07   0.760E-07   0.740E-07
   19.400   0.876E-07   0.874E-07   0.869E-07   0.860E-07   0.848E-07   0.834E-07   0.818E-07   0.800E-07   0.782E-07   0.763E-07   0.743E-07
   19.500   0.874E-07   0.872E-07   0.867E-07   0.859E-07   0.848E-07   0.834E-07   0.819E-07   0.802E-07   0.784E-07   0.765E-07   0.746E-07
   19.600   0.872E-07   0.870E-07   0.866E-07   0.858E-07   0.847E-07   0.834E-07   0.820E-07   0.803E-07   0.786E-07   0.768E-07   0.749E-07
   19.700   0.870E-07   0.868E-07   0.864E-07   0.856E-07   0.847E-07   0.834E-07   0.820E-07   0.805E-07   0.788E-07   0.771E-07   0.752E-07
   19.800   0.868E-07   0.866E-07   0.862E-07   0.855E-07   0.846E-07   0.834E-07   0.821E-07   0.806E-07   0.790E-07   0.773E-07   0.756E-07
   19.900   0.866E-07   0.864E-07   0.860E-07   0.854E-07   0.845E-07   0.835E-07   0.822E-07   0.808E-07   0.793E-07   0.776E-07   0.759E-07
   20.000   0.864E-07   0.863E-07   0.859E-07   0.853E-07   0.845E-07   0.835E-07   0.823E-07   0.810E-07   0.795E-07   0.779E-07   0.762E-07
   20.100   0.863E-07   0.861E-07   0.858E-07   0.853E-07   0.845E-07   0.836E-07   0.824E-07   0.812E-07   0.797E-07   0.782E-07   0.765E-07
   20.200   0.862E-07   0.861E-07   0.858E-07   0.852E-07   0.845E-07   0.837E-07   0.826E-07   0.814E-07   0.800E-07   0.785E-07   0.768E-07
   20.300   0.861E-07   0.860E-07   0.857E-07   0.853E-07   0.846E-07   0.838E-07   0.828E-07   0.816E-07   0.802E-07   0.788E-07   0.771E-07
   20.400   0.861E-07   0.860E-07   0.858E-07   0.853E-07   0.847E-07   0.839E-07   0.830E-07   0.818E-07   0.805E-07   0.791E-07   0.775E-07
   20.500   0.862E-07   0.861E-07   0.859E-07   0.855E-07   0.849E-07   0.841E-07   0.832E-07   0.821E-07   0.809E-07   0.794E-07   0.778E-07
   20.600   0.863E-07   0.863E-07   0.860E-07   0.856E-07   0.851E-07   0.844E-07   0.835E-07   0.824E-07   0.812E-07   0.798E-07   0.782E-07
   20.700   0.865E-07   0.865E-07   0.862E-07   0.859E-07   0.854E-07   0.847E-07   0.838E-07   0.828E-07   0.815E-07   0.801E-07   0.785E-07
   20.800   0.868E-07   0.867E-07   0.865E-07   0.862E-07   0.857E-07   0.850E-07   0.842E-07   0.831E-07   0.819E-07   0.805E-07   0.789E-07
   20.900   0.871E-07   0.870E-07   0.868E-07   0.865E-07   0.860E-07   0.854E-07   0.845E-07   0.835E-07   0.823E-07   0.809E-07   0.793E-07
   21.000   0.875E-07   0.874E-07   0.872E-07   0.869E-07   0.864E-07   0.858E-07   0.850E-07   0.839E-07   0.827E-07   0.813E-07   0.797E-07
   21.100   0.879E-07   0.879E-07   0.877E-07   0.874E-07   0.869E-07   0.862E-07   0.854E-07   0.844E-07   0.831E-07   0.817E-07   0.800E-07
   21.200   0.884E-07   0.884E-07   0.882E-07   0.879E-07   0.874E-07   0.867E-07   0.859E-07   0.848E-07   0.836E-07   0.821E-07   0.804E-07
   21.300   0.890E-07   0.889E-07   0.887E-07   0.884E-07   0.879E-07   0.872E-07   0.864E-07   0.853E-07   0.840E-07   0.825E-07   0.808E-07
   21.400   0.896E-07   0.895E-07   0.893E-07   0.890E-07   0.885E-07   0.878E-07   0.869E-07   0.858E-07   0.845E-07   0.829E-07   0.812E-07
   21.500   0.903E-07   0.902E-07   0.900E-07   0.896E-07   0.891E-07   0.884E-07   0.874E-07   0.863E-07   0.849E-07   0.833E-07   0.815E-07
   21.600   0.909E-07   0.909E-07   0.906E-07   0.903E-07   0.897E-07   0.890E-07   0.880E-07   0.868E-07   0.854E-07   0.837E-07   0.819E-07
   21.700   0.917E-07   0.916E-07   0.913E-07   0.909E-07   0.903E-07   0.896E-07   0.885E-07   0.873E-07   0.858E-07   0.841E-07   0.822E-07
   21.800   0.924E-07   0.923E-07   0.921E-07   0.916E-07   0.910E-07   0.902E-07   0.891E-07   0.878E-07   0.863E-07   0.845E-07   0.825E-07
   21.900   0.931E-07   0.931E-07   0.928E-07   0.923E-07   0.917E-07   0.908E-07   0.896E-07   0.883E-07   0.867E-07   0.849E-07   0.828E-07
   22.000   0.939E-07   0.938E-07   0.935E-07   0.930E-07   0.923E-07   0.914E-07   0.902E-07   0.888E-07   0.871E-07   0.852E-07   0.831E-07
   22.100   0.947E-07   0.946E-07   0.942E-07   0.937E-07   0.929E-07   0.919E-07   0.907E-07   0.892E-07   0.875E-07   0.855E-07   0.833E-07
   22.200   0.954E-07   0.953E-07   0.949E-07   0.944E-07   0.936E-07   0.925E-07   0.912E-07   0.896E-07   0.878E-07   0.858E-07   0.835E-07
   22.300   0.961E-07   0.960E-07   0.956E-07   0.950E-07   0.941E-07   0.930E-07   0.916E-07   0.900E-07   0.881E-07   0.860E-07   0.837E-07
   22.400   0.968E-07   0.966E-07   0.963E-07   0.956E-07   0.947E-07   0.935E-07   0.920E-07   0.903E-07   0.884E-07   0.862E-07   0.838E-07
   22.500   0.974E-07   0.973E-07   0.968E-07   0.961E-07   0.952E-07   0.939E-07   0.924E-07   0.906E-07   0.886E-07   0.864E-07   0.839E-07
   22.600   0.980E-07   0.978E-07   0.974E-07   0.966E-07   0.956E-07   0.943E-07   0.927E-07   0.909E-07   0.888E-07   0.865E-07   0.840E-07
   22.700   0.985E-07   0.983E-07   0.978E-07   0.971E-07   0.960E-07   0.946E-07   0.930E-07   0.910E-07   0.889E-07   0.865E-07   0.839E-07
   22.800   0.989E-07   0.987E-07   0.982E-07   0.974E-07   0.963E-07   0.949E-07   0.931E-07   0.912E-07   0.889E-07   0.865E-07   0.839E-07
   22.900   0.992E-07   0.991E-07   0.985E-07   0.977E-07   0.965E-07   0.950E-07   0.932E-07   0.912E-07   0.889E-07   0.864E-07   0.838E-07
   23.000   0.995E-07   0.993E-07   0.988E-07   0.979E-07   0.966E-07   0.951E-07   0.933E-07   0.912E-07   0.888E-07   0.863E-07   0.836E-07
   23.100   0.996E-07   0.994E-07   0.989E-07   0.980E-07   0.967E-07   0.951E-07   0.932E-07   0.911E-07   0.887E-07   0.861E-07   0.834E-07
   23.200   0.996E-07   0.995E-07   0.989E-07   0.979E-07   0.966E-07   0.950E-07   0.931E-07   0.909E-07   0.885E-07   0.859E-07   0.831E-07
   23.300   0.996E-07   0.994E-07   0.988E-07   0.978E-07   0.965E-07   0.948E-07   0.929E-07   0.906E-07   0.882E-07   0.856E-07   0.828E-07
   23.400   0.994E-07   0.992E-07   0.986E-07   0.976E-07   0.962E-07   0.946E-07   0.926E-07   0.903E-07   0.878E-07   0.852E-07   0.824E-07
   23.500   0.991E-07   0.989E-07   0.983E-07   0.973E-07   0.959E-07   0.942E-07   0.922E-07   0.899E-07   0.874E-07   0.847E-07   0.819E-07
   23.600   0.986E-07   0.984E-07   0.978E-07   0.968E-07   0.954E-07   0.937E-07   0.917E-07   0.894E-07   0.869E-07   0.842E-07   0.814E-07
   23.700   0.981E-07   0.979E-07   0.973E-07   0.963E-07   0.949E-07   0.931E-07   0.911E-07   0.888E-07   0.863E-07   0.837E-07   0.809E-07
   23.800   0.975E-07   0.972E-07   0.966E-07   0.956E-07   0.942E-07   0.925E-07   0.905E-07   0.882E-07   0.857E-07   0.830E-07   0.803E-07
   23.900   0.967E-07   0.965E-07   0.959E-07   0.948E-07   0.935E-07   0.917E-07   0.897E-07   0.875E-07   0.850E-07   0.824E-07   0.796E-07
   24.000   0.958E-07   0.956E-07   0.950E-07   0.940E-07   0.926E-07   0.909E-07   0.889E-07   0.867E-07   0.842E-07   0.816E-07   0.789E-07
   24.100   0.948E-07   0.946E-07   0.940E-07   0.930E-07   0.917E-07   0.900E-07   0.880E-07   0.858E-07   0.834E-07   0.808E-07   0.781E-07
   24.200   0.938E-07   0.936E-07   0.930E-07   0.920E-07   0.907E-07   0.890E-07   0.871E-07   0.849E-07   0.825E-07   0.800E-07   0.773E-07
   24.300   0.926E-07   0.924E-07   0.918E-07   0.909E-07   0.896E-07   0.879E-07   0.860E-07   0.839E-07   0.816E-07   0.791E-07   0.765E-07
   24.400   0.914E-07   0.912E-07   0.906E-07   0.897E-07   0.884E-07   0.868E-07   0.850E-07   0.829E-07   0.806E-07   0.782E-07   0.756E-07
   24.500   0.900E-07   0.898E-07   0.893E-07   0.884E-07   0.872E-07   0.856E-07   0.838E-07   0.818E-07   0.796E-07   0.772E-07   0.747E-07
   24.600   0.887E-07   0.885E-07   0.879E-07   0.871E-07   0.859E-07   0.844E-07   0.826E-07   0.806E-07   0.785E-07   0.762E-07   0.738E-07
   24.700   0.872E-07   0.870E-07   0.865E-07   0.857E-07   0.845E-07   0.831E-07   0.814E-07   0.795E-07   0.774E-07   0.751E-07   0.728E-07
   24.800   0.857E-07   0.856E-07   0.851E-07   0.842E-07   0.831E-07   0.817E-07   0.801E-07   0.783E-07   0.762E-07   0.741E-07   0.718E-07
   24.900   0.842E-07   0.840E-07   0.836E-07   0.828E-07   0.817E-07   0.804E-07   0.788E-07   0.770E-07   0.751E-07   0.730E-07   0.708E-07
   25.000   0.826E-07   0.825E-07   0.820E-07   0.813E-07   0.803E-07   0.790E-07   0.775E-07   0.758E-07   0.739E-07   0.719E-07   0.697E-07
   25.100   0.810E-07   0.809E-07   0.805E-07   0.797E-07   0.788E-07   0.776E-07   0.761E-07   0.745E-07   0.727E-07   0.708E-07   0.687E-07
   25.200   0.794E-07   0.793E-07   0.789E-07   0.782E-07   0.773E-07   0.761E-07   0.748E-07   0.732E-07   0.715E-07   0.696E-07   0.676E-07
   25.300   0.778E-07   0.777E-07   0.773E-07   0.766E-07   0.758E-07   0.747E-07   0.734E-07   0.719E-07   0.702E-07   0.685E-07   0.666E-07
   25.400   0.762E-07   0.760E-07   0.757E-07   0.751E-07   0.743E-07   0.732E-07   0.720E-07   0.706E-07   0.690E-07   0.673E-07   0.655E-07
   25.500   0.745E-07   0.744E-07   0.741E-07   0.735E-07   0.727E-07   0.718E-07   0.706E-07   0.692E-07   0.678E-07   0.661E-07   0.644E-07
   25.600   0.729E-07   0.728E-07   0.725E-07   0.719E-07   0.712E-07   0.703E-07   0.692E-07   0.679E-07   0.665E-07   0.650E-07   0.633E-07
   25.700   0.713E-07   0.712E-07   0.709E-07   0.704E-07   0.697E-07   0.688E-07   0.678E-07   0.666E-07   0.653E-07   0.638E-07   0.622E-07
   25.800   0.697E-07   0.696E-07   0.693E-07   0.688E-07   0.682E-07   0.674E-07   0.664E-07   0.653E-07   0.640E-07   0.626E-07   0.611E-07
   25.900   0.681E-07   0.680E-07   0.677E-07   0.673E-07   0.667E-07   0.660E-07   0.651E-07   0.640E-07   0.628E-07   0.615E-07   0.601E-07
   26.000   0.665E-07   0.664E-07   0.662E-07   0.658E-07   0.652E-07   0.645E-07   0.637E-07   0.627E-07   0.616E-07   0.603E-07   0.590E-07
   26.100   0.650E-07   0.649E-07   0.647E-07   0.643E-07   0.638E-07   0.631E-07   0.624E-07   0.614E-07   0.604E-07   0.592E-07   0.579E-07
   26.200   0.634E-07   0.634E-07   0.632E-07   0.628E-07   0.624E-07   0.618E-07   0.610E-07   0.602E-07   0.592E-07   0.581E-07   0.569E-07
   26.300   0.620E-07   0.619E-07   0.617E-07   0.614E-07   0.610E-07   0.604E-07   0.597E-07   0.589E-07   0.580E-07   0.570E-07   0.558E-07
   26.400   0.605E-07   0.604E-07   0.603E-07   0.600E-07   0.596E-07   0.591E-07   0.584E-07   0.577E-07   0.568E-07   0.559E-07   0.548E-07
   26.500   0.591E-07   0.590E-07   0.588E-07   0.586E-07   0.582E-07   0.577E-07   0.572E-07   0.565E-07   0.557E-07   0.548E-07   0.538E-07
   26.600   0.576E-07   0.576E-07   0.575E-07   0.572E-07   0.569E-07   0.565E-07   0.559E-07   0.553E-07   0.545E-07   0.537E-07   0.527E-07
   26.700   0.563E-07   0.562E-07   0.561E-07   0.559E-07   0.556E-07   0.552E-07   0.547E-07   0.541E-07   0.534E-07   0.526E-07   0.518E-07
   26.800   0.549E-07   0.549E-07   0.548E-07   0.546E-07   0.543E-07   0.540E-07   0.535E-07   0.530E-07   0.523E-07   0.516E-07   0.508E-07
   26.900   0.536E-07   0.536E-07   0.535E-07   0.533E-07   0.531E-07   0.528E-07   0.523E-07   0.518E-07   0.513E-07   0.506E-07   0.498E-07
   27.000   0.524E-07   0.523E-07   0.522E-07   0.521E-07   0.519E-07   0.516E-07   0.512E-07   0.507E-07   0.502E-07   0.496E-07   0.489E-07
   27.100   0.511E-07   0.511E-07   0.510E-07   0.509E-07   0.507E-07   0.504E-07   0.501E-07   0.497E-07   0.492E-07   0.486E-07   0.479E-07
   27.200   0.499E-07   0.499E-07   0.498E-07   0.497E-07   0.495E-07   0.493E-07   0.490E-07   0.486E-07   0.482E-07   0.476E-07   0.470E-07
   27.300   0.487E-07   0.487E-07   0.487E-07   0.485E-07   0.484E-07   0.482E-07   0.479E-07   0.476E-07   0.472E-07   0.467E-07   0.461E-07
   27.400   0.476E-07   0.476E-07   0.475E-07   0.474E-07   0.473E-07   0.471E-07   0.469E-07   0.466E-07   0.462E-07   0.458E-07   0.452E-07
   27.500   0.465E-07   0.465E-07   0.464E-07   0.463E-07   0.462E-07   0.461E-07   0.459E-07   0.456E-07   0.453E-07   0.449E-07   0.444E-07
   27.600   0.454E-07   0.454E-07   0.454E-07   0.453E-07   0.452E-07   0.451E-07   0.449E-07   0.446E-07   0.443E-07   0.440E-07   0.435E-07
   27.700   0.443E-07   0.443E-07   0.443E-07   0.443E-07   0.442E-07   0.441E-07   0.439E-07   0.437E-07   0.434E-07   0.431E-07   0.427E-07
   27.800   0.433E-07   0.433E-07   0.433E-07   0.433E-07   0.432E-07   0.431E-07   0.430E-07   0.428E-07   0.426E-07   0.423E-07   0.419E-07
   27.900   0.423E-07   0.423E-07   0.423E-07   0.423E-07   0.422E-07   0.422E-07   0.421E-07   0.419E-07   0.417E-07   0.414E-07   0.411E-07
   28.000   0.414E-07   0.414E-07   0.414E-07   0.414E-07   0.413E-07   0.413E-07   0.412E-07   0.410E-07   0.409E-07   0.406E-07   0.403E-07
   28.100   0.405E-07   0.405E-07   0.404E-07   0.404E-07   0.404E-07   0.404E-07   0.403E-07   0.402E-07   0.400E-07   0.398E-07   0.396E-07
   28.200   0.395E-07   0.396E-07   0.396E-07   0.396E-07   0.395E-07   0.395E-07   0.395E-07   0.394E-07   0.392E-07   0.391E-07   0.388E-07
   28.300   0.387E-07   0.387E-07   0.387E-07   0.387E-07   0.387E-07   0.387E-07   0.386E-07   0.386E-07   0.385E-07   0.383E-07   0.381E-07
   28.400   0.378E-07   0.378E-07   0.378E-07   0.378E-07   0.379E-07   0.379E-07   0.378E-07   0.378E-07   0.377E-07   0.376E-07   0.374E-07
   28.500   0.370E-07   0.370E-07   0.370E-07   0.370E-07   0.371E-07   0.371E-07   0.371E-07   0.370E-07   0.370E-07   0.369E-07   0.367E-07
   28.600   0.362E-07   0.362E-07   0.362E-07   0.362E-07   0.363E-07   0.363E-07   0.363E-07   0.363E-07   0.362E-07   0.362E-07   0.360E-07
   28.700   0.354E-07   0.354E-07   0.354E-07   0.355E-07   0.355E-07   0.355E-07   0.356E-07   0.356E-07   0.355E-07   0.355E-07   0.354E-07
   28.800   0.347E-07   0.347E-07   0.347E-07   0.347E-07   0.348E-07   0.348E-07   0.349E-07   0.349E-07   0.349E-07   0.348E-07   0.347E-07
   28.900   0.339E-07   0.339E-07   0.340E-07   0.340E-07   0.341E-07   0.341E-07   0.342E-07   0.342E-07   0.342E-07   0.342E-07   0.341E-07
   29.000   0.332E-07   0.332E-07   0.333E-07   0.333E-07   0.334E-07   0.334E-07   0.335E-07   0.335E-07   0.335E-07   0.335E-07   0.335E-07
   29.100   0.325E-07   0.325E-07   0.326E-07   0.326E-07   0.327E-07   0.328E-07   0.328E-07   0.329E-07   0.329E-07   0.329E-07   0.329E-07
   29.200   0.319E-07   0.319E-07   0.319E-07   0.320E-07   0.320E-07   0.321E-07   0.322E-07   0.322E-07   0.323E-07   0.323E-07   0.323E-07
   29.300   0.312E-07   0.312E-07   0.313E-07   0.313E-07   0.314E-07   0.315E-07   0.316E-07   0.316E-07   0.317E-07   0.317E-07   0.317E-07
   29.400   0.306E-07   0.306E-07   0.306E-07   0.307E-07   0.308E-07   0.309E-07   0.309E-07   0.310E-07   0.311E-07   0.311E-07   0.311E-07
   29.500   0.300E-07   0.300E-07   0.300E-07   0.301E-07   0.302E-07   0.303E-07   0.304E-07   0.304E-07   0.305E-07   0.306E-07   0.306E-07
   29.600   0.294E-07   0.294E-07   0.294E-07   0.295E-07   0.296E-07   0.297E-07   0.298E-07   0.299E-07   0.300E-07   0.300E-07   0.301E-07
   29.700   0.288E-07   0.288E-07   0.289E-07   0.289E-07   0.290E-07   0.291E-07   0.292E-07   0.293E-07   0.294E-07   0.295E-07   0.295E-07
   29.800   0.282E-07   0.283E-07   0.283E-07   0.284E-07   0.285E-07   0.286E-07   0.287E-07   0.288E-07   0.289E-07   0.290E-07   0.290E-07
   29.900   0.277E-07   0.277E-07   0.278E-07   0.278E-07   0.279E-07   0.280E-07   0.281E-07   0.283E-07   0.284E-07   0.285E-07   0.285E-07
   30.000   0.272E-07   0.272E-07   0.272E-07   0.273E-07   0.274E-07   0.275E-07   0.276E-07   0.278E-07   0.279E-07   0.280E-07   0.280E-07
