# fe1_the_009_019_photoabs_h_SMLO.dat                    
#
# Z =  9, A = 19
#
# Parameters:  Er1 = 24.090,  Wr1 = 24.690,  S1 =   2.038,  beta=  0.378
# No. of entries:  300
# Col 1: photon energy E in MeV
# Col 2-11: E1 photoabsorption PSF (fe1 in MeV^-3) for nucleus at the temperatures T=0-2 MeV
# Format: f9.3, 11e12.3
# Authors:  V.A.Plujko, O.M. Gorbachenko, K.M. Solodovnyk (TSNU)
#   E         T=0.0       T=0.2       T=0.4       T=0.6       T=0.8       T=1.0       T=1.2       T=1.4       T=1.6       T=1.8       T=2.0
    0.100   0.973E-12   0.410E-11   0.159E-10   0.437E-10   0.952E-10   0.178E-09   0.299E-09   0.468E-09   0.690E-09   0.974E-09   0.133E-08
    0.200   0.389E-11   0.818E-11   0.229E-10   0.543E-10   0.110E-09   0.198E-09   0.325E-09   0.499E-09   0.728E-09   0.102E-08   0.138E-08
    0.300   0.876E-11   0.137E-10   0.311E-10   0.661E-10   0.126E-09   0.219E-09   0.351E-09   0.532E-09   0.768E-09   0.107E-08   0.144E-08
    0.400   0.156E-10   0.210E-10   0.408E-10   0.793E-10   0.143E-09   0.241E-09   0.379E-09   0.566E-09   0.809E-09   0.112E-08   0.149E-08
    0.500   0.244E-10   0.300E-10   0.520E-10   0.939E-10   0.162E-09   0.265E-09   0.409E-09   0.602E-09   0.852E-09   0.117E-08   0.155E-08
    0.600   0.351E-10   0.410E-10   0.649E-10   0.110E-09   0.183E-09   0.290E-09   0.440E-09   0.640E-09   0.897E-09   0.122E-08   0.161E-08
    0.700   0.478E-10   0.539E-10   0.795E-10   0.128E-09   0.205E-09   0.317E-09   0.473E-09   0.679E-09   0.943E-09   0.127E-08   0.168E-08
    0.800   0.624E-10   0.688E-10   0.959E-10   0.147E-09   0.228E-09   0.346E-09   0.507E-09   0.719E-09   0.991E-09   0.133E-08   0.174E-08
    0.900   0.791E-10   0.858E-10   0.114E-09   0.168E-09   0.253E-09   0.376E-09   0.543E-09   0.762E-09   0.104E-08   0.139E-08   0.181E-08
    1.000   0.977E-10   0.105E-09   0.134E-09   0.191E-09   0.280E-09   0.408E-09   0.580E-09   0.806E-09   0.109E-08   0.145E-08   0.188E-08
    1.100   0.118E-09   0.126E-09   0.156E-09   0.216E-09   0.309E-09   0.441E-09   0.620E-09   0.852E-09   0.115E-08   0.151E-08   0.195E-08
    1.200   0.141E-09   0.149E-09   0.181E-09   0.243E-09   0.340E-09   0.477E-09   0.661E-09   0.900E-09   0.120E-08   0.157E-08   0.202E-08
    1.300   0.165E-09   0.174E-09   0.207E-09   0.272E-09   0.372E-09   0.514E-09   0.704E-09   0.949E-09   0.126E-08   0.164E-08   0.209E-08
    1.400   0.192E-09   0.201E-09   0.235E-09   0.302E-09   0.407E-09   0.553E-09   0.749E-09   0.100E-08   0.132E-08   0.170E-08   0.217E-08
    1.500   0.221E-09   0.230E-09   0.266E-09   0.335E-09   0.443E-09   0.594E-09   0.796E-09   0.105E-08   0.138E-08   0.177E-08   0.225E-08
    1.600   0.251E-09   0.262E-09   0.298E-09   0.370E-09   0.481E-09   0.638E-09   0.845E-09   0.111E-08   0.144E-08   0.184E-08   0.233E-08
    1.700   0.284E-09   0.295E-09   0.333E-09   0.407E-09   0.522E-09   0.683E-09   0.896E-09   0.117E-08   0.151E-08   0.192E-08   0.241E-08
    1.800   0.319E-09   0.331E-09   0.369E-09   0.446E-09   0.564E-09   0.730E-09   0.949E-09   0.123E-08   0.157E-08   0.199E-08   0.249E-08
    1.900   0.356E-09   0.368E-09   0.408E-09   0.487E-09   0.609E-09   0.779E-09   0.100E-08   0.129E-08   0.164E-08   0.207E-08   0.258E-08
    2.000   0.395E-09   0.408E-09   0.450E-09   0.530E-09   0.656E-09   0.831E-09   0.106E-08   0.135E-08   0.171E-08   0.215E-08   0.267E-08
    2.100   0.436E-09   0.449E-09   0.493E-09   0.576E-09   0.704E-09   0.884E-09   0.112E-08   0.142E-08   0.179E-08   0.223E-08   0.276E-08
    2.200   0.479E-09   0.493E-09   0.538E-09   0.623E-09   0.756E-09   0.940E-09   0.118E-08   0.149E-08   0.186E-08   0.232E-08   0.285E-08
    2.300   0.524E-09   0.539E-09   0.586E-09   0.673E-09   0.809E-09   0.998E-09   0.125E-08   0.156E-08   0.194E-08   0.240E-08   0.295E-08
    2.400   0.572E-09   0.588E-09   0.636E-09   0.726E-09   0.865E-09   0.106E-08   0.131E-08   0.163E-08   0.202E-08   0.249E-08   0.305E-08
    2.500   0.622E-09   0.638E-09   0.688E-09   0.780E-09   0.923E-09   0.112E-08   0.138E-08   0.171E-08   0.210E-08   0.258E-08   0.315E-08
    2.600   0.674E-09   0.690E-09   0.743E-09   0.837E-09   0.983E-09   0.119E-08   0.145E-08   0.178E-08   0.219E-08   0.268E-08   0.325E-08
    2.700   0.728E-09   0.745E-09   0.799E-09   0.897E-09   0.105E-08   0.125E-08   0.152E-08   0.186E-08   0.228E-08   0.277E-08   0.336E-08
    2.800   0.784E-09   0.802E-09   0.858E-09   0.958E-09   0.111E-08   0.132E-08   0.160E-08   0.195E-08   0.237E-08   0.287E-08   0.347E-08
    2.900   0.843E-09   0.862E-09   0.919E-09   0.102E-08   0.118E-08   0.140E-08   0.168E-08   0.203E-08   0.246E-08   0.298E-08   0.358E-08
    3.000   0.904E-09   0.923E-09   0.983E-09   0.109E-08   0.125E-08   0.147E-08   0.176E-08   0.212E-08   0.256E-08   0.308E-08   0.370E-08
    3.100   0.967E-09   0.987E-09   0.105E-08   0.116E-08   0.132E-08   0.155E-08   0.184E-08   0.221E-08   0.265E-08   0.319E-08   0.381E-08
    3.200   0.103E-08   0.105E-08   0.112E-08   0.123E-08   0.140E-08   0.163E-08   0.193E-08   0.230E-08   0.276E-08   0.330E-08   0.393E-08
    3.300   0.110E-08   0.112E-08   0.119E-08   0.130E-08   0.147E-08   0.171E-08   0.201E-08   0.240E-08   0.286E-08   0.341E-08   0.406E-08
    3.400   0.117E-08   0.119E-08   0.126E-08   0.138E-08   0.155E-08   0.179E-08   0.211E-08   0.249E-08   0.297E-08   0.353E-08   0.418E-08
    3.500   0.124E-08   0.127E-08   0.134E-08   0.146E-08   0.164E-08   0.188E-08   0.220E-08   0.260E-08   0.307E-08   0.364E-08   0.431E-08
    3.600   0.132E-08   0.134E-08   0.142E-08   0.154E-08   0.172E-08   0.197E-08   0.230E-08   0.270E-08   0.319E-08   0.376E-08   0.444E-08
    3.700   0.140E-08   0.142E-08   0.150E-08   0.162E-08   0.181E-08   0.207E-08   0.240E-08   0.281E-08   0.330E-08   0.389E-08   0.458E-08
    3.800   0.148E-08   0.150E-08   0.158E-08   0.171E-08   0.190E-08   0.216E-08   0.250E-08   0.291E-08   0.342E-08   0.402E-08   0.471E-08
    3.900   0.156E-08   0.159E-08   0.166E-08   0.180E-08   0.199E-08   0.226E-08   0.260E-08   0.303E-08   0.354E-08   0.415E-08   0.485E-08
    4.000   0.165E-08   0.167E-08   0.175E-08   0.189E-08   0.209E-08   0.236E-08   0.271E-08   0.314E-08   0.366E-08   0.428E-08   0.500E-08
    4.100   0.173E-08   0.176E-08   0.184E-08   0.198E-08   0.219E-08   0.247E-08   0.282E-08   0.326E-08   0.379E-08   0.442E-08   0.514E-08
    4.200   0.182E-08   0.185E-08   0.194E-08   0.208E-08   0.229E-08   0.257E-08   0.293E-08   0.338E-08   0.392E-08   0.456E-08   0.529E-08
    4.300   0.192E-08   0.195E-08   0.203E-08   0.218E-08   0.240E-08   0.268E-08   0.305E-08   0.351E-08   0.405E-08   0.470E-08   0.545E-08
    4.400   0.201E-08   0.204E-08   0.213E-08   0.229E-08   0.250E-08   0.280E-08   0.317E-08   0.363E-08   0.419E-08   0.484E-08   0.560E-08
    4.500   0.211E-08   0.214E-08   0.224E-08   0.239E-08   0.261E-08   0.291E-08   0.329E-08   0.376E-08   0.433E-08   0.499E-08   0.576E-08
    4.600   0.222E-08   0.225E-08   0.234E-08   0.250E-08   0.273E-08   0.303E-08   0.342E-08   0.390E-08   0.447E-08   0.515E-08   0.593E-08
    4.700   0.232E-08   0.235E-08   0.245E-08   0.261E-08   0.284E-08   0.315E-08   0.355E-08   0.403E-08   0.462E-08   0.530E-08   0.609E-08
    4.800   0.243E-08   0.246E-08   0.256E-08   0.273E-08   0.296E-08   0.328E-08   0.368E-08   0.417E-08   0.477E-08   0.546E-08   0.626E-08
    4.900   0.254E-08   0.257E-08   0.267E-08   0.284E-08   0.309E-08   0.341E-08   0.382E-08   0.432E-08   0.492E-08   0.562E-08   0.644E-08
    5.000   0.265E-08   0.269E-08   0.279E-08   0.296E-08   0.321E-08   0.354E-08   0.396E-08   0.447E-08   0.508E-08   0.579E-08   0.662E-08
    5.100   0.277E-08   0.280E-08   0.291E-08   0.309E-08   0.334E-08   0.367E-08   0.410E-08   0.462E-08   0.524E-08   0.596E-08   0.680E-08
    5.200   0.289E-08   0.292E-08   0.303E-08   0.321E-08   0.347E-08   0.381E-08   0.424E-08   0.477E-08   0.540E-08   0.613E-08   0.698E-08
    5.300   0.301E-08   0.305E-08   0.316E-08   0.334E-08   0.361E-08   0.395E-08   0.439E-08   0.493E-08   0.557E-08   0.631E-08   0.717E-08
    5.400   0.314E-08   0.318E-08   0.329E-08   0.348E-08   0.375E-08   0.410E-08   0.454E-08   0.509E-08   0.574E-08   0.649E-08   0.736E-08
    5.500   0.327E-08   0.331E-08   0.342E-08   0.362E-08   0.389E-08   0.425E-08   0.470E-08   0.525E-08   0.591E-08   0.668E-08   0.756E-08
    5.600   0.340E-08   0.344E-08   0.356E-08   0.376E-08   0.403E-08   0.440E-08   0.486E-08   0.542E-08   0.609E-08   0.687E-08   0.776E-08
    5.700   0.354E-08   0.358E-08   0.370E-08   0.390E-08   0.418E-08   0.456E-08   0.502E-08   0.559E-08   0.627E-08   0.706E-08   0.796E-08
    5.800   0.368E-08   0.372E-08   0.384E-08   0.405E-08   0.434E-08   0.472E-08   0.519E-08   0.577E-08   0.646E-08   0.726E-08   0.817E-08
    5.900   0.382E-08   0.386E-08   0.399E-08   0.420E-08   0.449E-08   0.488E-08   0.536E-08   0.595E-08   0.665E-08   0.746E-08   0.838E-08
    6.000   0.396E-08   0.401E-08   0.414E-08   0.435E-08   0.465E-08   0.505E-08   0.554E-08   0.613E-08   0.684E-08   0.766E-08   0.860E-08
    6.100   0.411E-08   0.416E-08   0.429E-08   0.451E-08   0.482E-08   0.522E-08   0.572E-08   0.632E-08   0.704E-08   0.787E-08   0.882E-08
    6.200   0.427E-08   0.431E-08   0.445E-08   0.467E-08   0.498E-08   0.539E-08   0.590E-08   0.651E-08   0.724E-08   0.808E-08   0.904E-08
    6.300   0.443E-08   0.447E-08   0.461E-08   0.484E-08   0.515E-08   0.557E-08   0.609E-08   0.671E-08   0.745E-08   0.830E-08   0.927E-08
    6.400   0.459E-08   0.463E-08   0.477E-08   0.500E-08   0.533E-08   0.575E-08   0.628E-08   0.691E-08   0.766E-08   0.852E-08   0.950E-08
    6.500   0.475E-08   0.480E-08   0.494E-08   0.518E-08   0.551E-08   0.594E-08   0.647E-08   0.711E-08   0.787E-08   0.875E-08   0.974E-08
    6.600   0.492E-08   0.497E-08   0.511E-08   0.536E-08   0.569E-08   0.613E-08   0.667E-08   0.732E-08   0.809E-08   0.898E-08   0.998E-08
    6.700   0.510E-08   0.514E-08   0.529E-08   0.554E-08   0.588E-08   0.632E-08   0.687E-08   0.754E-08   0.831E-08   0.921E-08   0.102E-07
    6.800   0.527E-08   0.532E-08   0.547E-08   0.572E-08   0.607E-08   0.652E-08   0.708E-08   0.775E-08   0.854E-08   0.945E-08   0.105E-07
    6.900   0.545E-08   0.550E-08   0.566E-08   0.591E-08   0.627E-08   0.673E-08   0.729E-08   0.797E-08   0.877E-08   0.969E-08   0.107E-07
    7.000   0.564E-08   0.569E-08   0.585E-08   0.611E-08   0.647E-08   0.693E-08   0.751E-08   0.820E-08   0.901E-08   0.994E-08   0.110E-07
    7.100   0.583E-08   0.588E-08   0.604E-08   0.630E-08   0.667E-08   0.715E-08   0.773E-08   0.843E-08   0.925E-08   0.102E-07   0.113E-07
    7.200   0.602E-08   0.608E-08   0.624E-08   0.651E-08   0.688E-08   0.736E-08   0.796E-08   0.867E-08   0.950E-08   0.104E-07   0.115E-07
    7.300   0.622E-08   0.628E-08   0.644E-08   0.671E-08   0.709E-08   0.758E-08   0.819E-08   0.891E-08   0.975E-08   0.107E-07   0.118E-07
    7.400   0.643E-08   0.648E-08   0.665E-08   0.692E-08   0.731E-08   0.781E-08   0.842E-08   0.915E-08   0.100E-07   0.110E-07   0.121E-07
    7.500   0.663E-08   0.669E-08   0.686E-08   0.714E-08   0.753E-08   0.804E-08   0.866E-08   0.940E-08   0.103E-07   0.113E-07   0.124E-07
    7.600   0.685E-08   0.690E-08   0.708E-08   0.736E-08   0.776E-08   0.828E-08   0.891E-08   0.966E-08   0.105E-07   0.115E-07   0.126E-07
    7.700   0.706E-08   0.712E-08   0.730E-08   0.759E-08   0.799E-08   0.852E-08   0.916E-08   0.992E-08   0.108E-07   0.118E-07   0.129E-07
    7.800   0.729E-08   0.734E-08   0.752E-08   0.782E-08   0.823E-08   0.876E-08   0.941E-08   0.102E-07   0.111E-07   0.121E-07   0.132E-07
    7.900   0.751E-08   0.757E-08   0.775E-08   0.805E-08   0.847E-08   0.901E-08   0.967E-08   0.105E-07   0.114E-07   0.124E-07   0.135E-07
    8.000   0.774E-08   0.781E-08   0.799E-08   0.830E-08   0.872E-08   0.927E-08   0.994E-08   0.107E-07   0.116E-07   0.127E-07   0.138E-07
    8.100   0.798E-08   0.804E-08   0.823E-08   0.854E-08   0.897E-08   0.953E-08   0.102E-07   0.110E-07   0.119E-07   0.130E-07   0.142E-07
    8.200   0.822E-08   0.829E-08   0.848E-08   0.879E-08   0.923E-08   0.979E-08   0.105E-07   0.113E-07   0.122E-07   0.133E-07   0.145E-07
    8.300   0.847E-08   0.854E-08   0.873E-08   0.905E-08   0.950E-08   0.101E-07   0.108E-07   0.116E-07   0.125E-07   0.136E-07   0.148E-07
    8.400   0.873E-08   0.879E-08   0.899E-08   0.931E-08   0.976E-08   0.103E-07   0.110E-07   0.119E-07   0.128E-07   0.139E-07   0.151E-07
    8.500   0.898E-08   0.905E-08   0.925E-08   0.958E-08   0.100E-07   0.106E-07   0.113E-07   0.122E-07   0.131E-07   0.142E-07   0.155E-07
    8.600   0.925E-08   0.932E-08   0.952E-08   0.985E-08   0.103E-07   0.109E-07   0.116E-07   0.125E-07   0.135E-07   0.146E-07   0.158E-07
    8.700   0.952E-08   0.959E-08   0.979E-08   0.101E-07   0.106E-07   0.112E-07   0.119E-07   0.128E-07   0.138E-07   0.149E-07   0.161E-07
    8.800   0.979E-08   0.986E-08   0.101E-07   0.104E-07   0.109E-07   0.115E-07   0.122E-07   0.131E-07   0.141E-07   0.152E-07   0.165E-07
    8.900   0.101E-07   0.101E-07   0.104E-07   0.107E-07   0.112E-07   0.118E-07   0.126E-07   0.134E-07   0.145E-07   0.156E-07   0.168E-07
    9.000   0.104E-07   0.104E-07   0.106E-07   0.110E-07   0.115E-07   0.121E-07   0.129E-07   0.138E-07   0.148E-07   0.159E-07   0.172E-07
    9.100   0.107E-07   0.107E-07   0.109E-07   0.113E-07   0.118E-07   0.124E-07   0.132E-07   0.141E-07   0.151E-07   0.163E-07   0.176E-07
    9.200   0.110E-07   0.110E-07   0.112E-07   0.116E-07   0.121E-07   0.128E-07   0.135E-07   0.145E-07   0.155E-07   0.166E-07   0.179E-07
    9.300   0.113E-07   0.113E-07   0.116E-07   0.119E-07   0.124E-07   0.131E-07   0.139E-07   0.148E-07   0.158E-07   0.170E-07   0.183E-07
    9.400   0.116E-07   0.117E-07   0.119E-07   0.122E-07   0.128E-07   0.134E-07   0.142E-07   0.152E-07   0.162E-07   0.174E-07   0.187E-07
    9.500   0.119E-07   0.120E-07   0.122E-07   0.126E-07   0.131E-07   0.138E-07   0.146E-07   0.155E-07   0.166E-07   0.178E-07   0.191E-07
    9.600   0.122E-07   0.123E-07   0.125E-07   0.129E-07   0.134E-07   0.141E-07   0.149E-07   0.159E-07   0.170E-07   0.181E-07   0.194E-07
    9.700   0.126E-07   0.126E-07   0.129E-07   0.133E-07   0.138E-07   0.145E-07   0.153E-07   0.163E-07   0.173E-07   0.185E-07   0.198E-07
    9.800   0.129E-07   0.130E-07   0.132E-07   0.136E-07   0.141E-07   0.148E-07   0.157E-07   0.166E-07   0.177E-07   0.189E-07   0.202E-07
    9.900   0.132E-07   0.133E-07   0.136E-07   0.140E-07   0.145E-07   0.152E-07   0.160E-07   0.170E-07   0.181E-07   0.193E-07   0.206E-07
   10.000   0.136E-07   0.137E-07   0.139E-07   0.143E-07   0.149E-07   0.156E-07   0.164E-07   0.174E-07   0.185E-07   0.197E-07   0.211E-07
   10.100   0.139E-07   0.140E-07   0.143E-07   0.147E-07   0.152E-07   0.160E-07   0.168E-07   0.178E-07   0.189E-07   0.201E-07   0.215E-07
   10.200   0.143E-07   0.144E-07   0.146E-07   0.151E-07   0.156E-07   0.163E-07   0.172E-07   0.182E-07   0.193E-07   0.206E-07   0.219E-07
   10.300   0.147E-07   0.148E-07   0.150E-07   0.154E-07   0.160E-07   0.167E-07   0.176E-07   0.186E-07   0.197E-07   0.210E-07   0.223E-07
   10.400   0.151E-07   0.152E-07   0.154E-07   0.158E-07   0.164E-07   0.171E-07   0.180E-07   0.190E-07   0.202E-07   0.214E-07   0.227E-07
   10.500   0.155E-07   0.155E-07   0.158E-07   0.162E-07   0.168E-07   0.176E-07   0.184E-07   0.195E-07   0.206E-07   0.218E-07   0.232E-07
   10.600   0.159E-07   0.159E-07   0.162E-07   0.166E-07   0.172E-07   0.180E-07   0.189E-07   0.199E-07   0.210E-07   0.223E-07   0.236E-07
   10.700   0.163E-07   0.164E-07   0.166E-07   0.170E-07   0.176E-07   0.184E-07   0.193E-07   0.203E-07   0.215E-07   0.227E-07   0.241E-07
   10.800   0.167E-07   0.168E-07   0.170E-07   0.175E-07   0.181E-07   0.188E-07   0.197E-07   0.208E-07   0.219E-07   0.232E-07   0.245E-07
   10.900   0.171E-07   0.172E-07   0.175E-07   0.179E-07   0.185E-07   0.193E-07   0.202E-07   0.212E-07   0.224E-07   0.236E-07   0.250E-07
   11.000   0.175E-07   0.176E-07   0.179E-07   0.183E-07   0.189E-07   0.197E-07   0.206E-07   0.217E-07   0.228E-07   0.241E-07   0.254E-07
   11.100   0.180E-07   0.180E-07   0.183E-07   0.188E-07   0.194E-07   0.202E-07   0.211E-07   0.221E-07   0.233E-07   0.245E-07   0.259E-07
   11.200   0.184E-07   0.185E-07   0.188E-07   0.192E-07   0.198E-07   0.206E-07   0.215E-07   0.226E-07   0.238E-07   0.250E-07   0.263E-07
   11.300   0.189E-07   0.189E-07   0.192E-07   0.197E-07   0.203E-07   0.211E-07   0.220E-07   0.231E-07   0.242E-07   0.255E-07   0.268E-07
   11.400   0.193E-07   0.194E-07   0.197E-07   0.201E-07   0.208E-07   0.216E-07   0.225E-07   0.235E-07   0.247E-07   0.260E-07   0.273E-07
   11.500   0.198E-07   0.199E-07   0.202E-07   0.206E-07   0.212E-07   0.220E-07   0.230E-07   0.240E-07   0.252E-07   0.264E-07   0.278E-07
   11.600   0.203E-07   0.204E-07   0.206E-07   0.211E-07   0.217E-07   0.225E-07   0.235E-07   0.245E-07   0.257E-07   0.269E-07   0.282E-07
   11.700   0.207E-07   0.208E-07   0.211E-07   0.216E-07   0.222E-07   0.230E-07   0.240E-07   0.250E-07   0.262E-07   0.274E-07   0.287E-07
   11.800   0.212E-07   0.213E-07   0.216E-07   0.221E-07   0.227E-07   0.235E-07   0.245E-07   0.255E-07   0.267E-07   0.279E-07   0.292E-07
   11.900   0.217E-07   0.218E-07   0.221E-07   0.226E-07   0.232E-07   0.240E-07   0.250E-07   0.260E-07   0.272E-07   0.284E-07   0.297E-07
   12.000   0.222E-07   0.223E-07   0.226E-07   0.231E-07   0.237E-07   0.246E-07   0.255E-07   0.266E-07   0.277E-07   0.289E-07   0.302E-07
   12.100   0.228E-07   0.229E-07   0.232E-07   0.236E-07   0.243E-07   0.251E-07   0.260E-07   0.271E-07   0.282E-07   0.294E-07   0.307E-07
   12.200   0.233E-07   0.234E-07   0.237E-07   0.242E-07   0.248E-07   0.256E-07   0.266E-07   0.276E-07   0.287E-07   0.299E-07   0.312E-07
   12.300   0.238E-07   0.239E-07   0.242E-07   0.247E-07   0.253E-07   0.261E-07   0.271E-07   0.281E-07   0.293E-07   0.305E-07   0.317E-07
   12.400   0.244E-07   0.245E-07   0.248E-07   0.252E-07   0.259E-07   0.267E-07   0.276E-07   0.287E-07   0.298E-07   0.310E-07   0.322E-07
   12.500   0.249E-07   0.250E-07   0.253E-07   0.258E-07   0.264E-07   0.272E-07   0.282E-07   0.292E-07   0.303E-07   0.315E-07   0.327E-07
   12.600   0.255E-07   0.256E-07   0.259E-07   0.264E-07   0.270E-07   0.278E-07   0.287E-07   0.298E-07   0.309E-07   0.320E-07   0.332E-07
   12.700   0.261E-07   0.262E-07   0.264E-07   0.269E-07   0.276E-07   0.284E-07   0.293E-07   0.303E-07   0.314E-07   0.326E-07   0.337E-07
   12.800   0.266E-07   0.267E-07   0.270E-07   0.275E-07   0.281E-07   0.289E-07   0.299E-07   0.309E-07   0.320E-07   0.331E-07   0.342E-07
   12.900   0.272E-07   0.273E-07   0.276E-07   0.281E-07   0.287E-07   0.295E-07   0.304E-07   0.314E-07   0.325E-07   0.336E-07   0.347E-07
   13.000   0.278E-07   0.279E-07   0.282E-07   0.287E-07   0.293E-07   0.301E-07   0.310E-07   0.320E-07   0.331E-07   0.341E-07   0.352E-07
   13.100   0.284E-07   0.285E-07   0.288E-07   0.293E-07   0.299E-07   0.307E-07   0.316E-07   0.326E-07   0.336E-07   0.347E-07   0.357E-07
   13.200   0.290E-07   0.291E-07   0.294E-07   0.299E-07   0.305E-07   0.313E-07   0.322E-07   0.332E-07   0.342E-07   0.352E-07   0.362E-07
   13.300   0.296E-07   0.297E-07   0.300E-07   0.305E-07   0.311E-07   0.319E-07   0.328E-07   0.337E-07   0.347E-07   0.357E-07   0.367E-07
   13.400   0.303E-07   0.304E-07   0.306E-07   0.311E-07   0.317E-07   0.325E-07   0.334E-07   0.343E-07   0.353E-07   0.363E-07   0.372E-07
   13.500   0.309E-07   0.310E-07   0.313E-07   0.317E-07   0.324E-07   0.331E-07   0.340E-07   0.349E-07   0.359E-07   0.368E-07   0.377E-07
   13.600   0.315E-07   0.316E-07   0.319E-07   0.324E-07   0.330E-07   0.337E-07   0.346E-07   0.355E-07   0.364E-07   0.374E-07   0.382E-07
   13.700   0.322E-07   0.323E-07   0.326E-07   0.330E-07   0.336E-07   0.343E-07   0.352E-07   0.361E-07   0.370E-07   0.379E-07   0.387E-07
   13.800   0.328E-07   0.329E-07   0.332E-07   0.337E-07   0.343E-07   0.350E-07   0.358E-07   0.367E-07   0.376E-07   0.384E-07   0.392E-07
   13.900   0.335E-07   0.336E-07   0.339E-07   0.343E-07   0.349E-07   0.356E-07   0.364E-07   0.373E-07   0.381E-07   0.390E-07   0.397E-07
   14.000   0.342E-07   0.343E-07   0.345E-07   0.350E-07   0.355E-07   0.362E-07   0.370E-07   0.379E-07   0.387E-07   0.395E-07   0.402E-07
   14.100   0.348E-07   0.349E-07   0.352E-07   0.356E-07   0.362E-07   0.369E-07   0.376E-07   0.384E-07   0.393E-07   0.400E-07   0.407E-07
   14.200   0.355E-07   0.356E-07   0.359E-07   0.363E-07   0.368E-07   0.375E-07   0.383E-07   0.390E-07   0.398E-07   0.406E-07   0.412E-07
   14.300   0.362E-07   0.363E-07   0.365E-07   0.370E-07   0.375E-07   0.382E-07   0.389E-07   0.396E-07   0.404E-07   0.411E-07   0.417E-07
   14.400   0.369E-07   0.370E-07   0.372E-07   0.376E-07   0.382E-07   0.388E-07   0.395E-07   0.402E-07   0.409E-07   0.416E-07   0.422E-07
   14.500   0.376E-07   0.377E-07   0.379E-07   0.383E-07   0.388E-07   0.394E-07   0.401E-07   0.408E-07   0.415E-07   0.421E-07   0.426E-07
   14.600   0.383E-07   0.384E-07   0.386E-07   0.390E-07   0.395E-07   0.401E-07   0.407E-07   0.414E-07   0.421E-07   0.426E-07   0.431E-07
   14.700   0.390E-07   0.391E-07   0.393E-07   0.397E-07   0.402E-07   0.407E-07   0.414E-07   0.420E-07   0.426E-07   0.431E-07   0.436E-07
   14.800   0.397E-07   0.398E-07   0.400E-07   0.404E-07   0.408E-07   0.414E-07   0.420E-07   0.426E-07   0.432E-07   0.437E-07   0.440E-07
   14.900   0.404E-07   0.405E-07   0.407E-07   0.410E-07   0.415E-07   0.420E-07   0.426E-07   0.432E-07   0.437E-07   0.442E-07   0.445E-07
   15.000   0.411E-07   0.412E-07   0.414E-07   0.417E-07   0.422E-07   0.427E-07   0.432E-07   0.438E-07   0.442E-07   0.446E-07   0.449E-07
   15.100   0.418E-07   0.419E-07   0.421E-07   0.424E-07   0.428E-07   0.433E-07   0.438E-07   0.443E-07   0.448E-07   0.451E-07   0.454E-07
   15.200   0.425E-07   0.426E-07   0.428E-07   0.431E-07   0.435E-07   0.440E-07   0.445E-07   0.449E-07   0.453E-07   0.456E-07   0.458E-07
   15.300   0.432E-07   0.433E-07   0.435E-07   0.438E-07   0.442E-07   0.446E-07   0.451E-07   0.455E-07   0.458E-07   0.461E-07   0.462E-07
   15.400   0.440E-07   0.440E-07   0.442E-07   0.445E-07   0.448E-07   0.453E-07   0.457E-07   0.460E-07   0.464E-07   0.466E-07   0.466E-07
   15.500   0.447E-07   0.447E-07   0.449E-07   0.452E-07   0.455E-07   0.459E-07   0.463E-07   0.466E-07   0.469E-07   0.470E-07   0.470E-07
   15.600   0.454E-07   0.454E-07   0.456E-07   0.459E-07   0.462E-07   0.465E-07   0.469E-07   0.472E-07   0.474E-07   0.475E-07   0.474E-07
   15.700   0.461E-07   0.462E-07   0.463E-07   0.465E-07   0.468E-07   0.471E-07   0.474E-07   0.477E-07   0.479E-07   0.479E-07   0.478E-07
   15.800   0.468E-07   0.469E-07   0.470E-07   0.472E-07   0.475E-07   0.478E-07   0.480E-07   0.482E-07   0.484E-07   0.483E-07   0.482E-07
   15.900   0.475E-07   0.476E-07   0.477E-07   0.479E-07   0.481E-07   0.484E-07   0.486E-07   0.488E-07   0.488E-07   0.488E-07   0.485E-07
   16.000   0.482E-07   0.483E-07   0.484E-07   0.486E-07   0.488E-07   0.490E-07   0.492E-07   0.493E-07   0.493E-07   0.492E-07   0.489E-07
   16.100   0.489E-07   0.490E-07   0.491E-07   0.492E-07   0.494E-07   0.496E-07   0.497E-07   0.498E-07   0.498E-07   0.496E-07   0.492E-07
   16.200   0.496E-07   0.496E-07   0.497E-07   0.499E-07   0.500E-07   0.502E-07   0.503E-07   0.503E-07   0.502E-07   0.500E-07   0.496E-07
   16.300   0.503E-07   0.503E-07   0.504E-07   0.505E-07   0.507E-07   0.508E-07   0.508E-07   0.508E-07   0.506E-07   0.504E-07   0.499E-07
   16.400   0.510E-07   0.510E-07   0.511E-07   0.512E-07   0.513E-07   0.513E-07   0.514E-07   0.513E-07   0.511E-07   0.507E-07   0.502E-07
   16.500   0.517E-07   0.517E-07   0.517E-07   0.518E-07   0.519E-07   0.519E-07   0.519E-07   0.517E-07   0.515E-07   0.511E-07   0.505E-07
   16.600   0.523E-07   0.523E-07   0.524E-07   0.524E-07   0.525E-07   0.525E-07   0.524E-07   0.522E-07   0.519E-07   0.514E-07   0.508E-07
   16.700   0.530E-07   0.530E-07   0.530E-07   0.530E-07   0.531E-07   0.530E-07   0.529E-07   0.527E-07   0.523E-07   0.518E-07   0.511E-07
   16.800   0.536E-07   0.536E-07   0.536E-07   0.536E-07   0.536E-07   0.535E-07   0.534E-07   0.531E-07   0.527E-07   0.521E-07   0.513E-07
   16.900   0.543E-07   0.543E-07   0.543E-07   0.542E-07   0.542E-07   0.541E-07   0.538E-07   0.535E-07   0.530E-07   0.524E-07   0.516E-07
   17.000   0.549E-07   0.549E-07   0.549E-07   0.548E-07   0.547E-07   0.546E-07   0.543E-07   0.539E-07   0.534E-07   0.527E-07   0.518E-07
   17.100   0.555E-07   0.555E-07   0.555E-07   0.554E-07   0.553E-07   0.551E-07   0.548E-07   0.543E-07   0.537E-07   0.530E-07   0.521E-07
   17.200   0.561E-07   0.561E-07   0.560E-07   0.559E-07   0.558E-07   0.555E-07   0.552E-07   0.547E-07   0.541E-07   0.532E-07   0.523E-07
   17.300   0.567E-07   0.567E-07   0.566E-07   0.565E-07   0.563E-07   0.560E-07   0.556E-07   0.551E-07   0.544E-07   0.535E-07   0.525E-07
   17.400   0.573E-07   0.572E-07   0.572E-07   0.570E-07   0.568E-07   0.565E-07   0.560E-07   0.554E-07   0.547E-07   0.537E-07   0.527E-07
   17.500   0.578E-07   0.578E-07   0.577E-07   0.575E-07   0.573E-07   0.569E-07   0.564E-07   0.558E-07   0.549E-07   0.540E-07   0.528E-07
   17.600   0.584E-07   0.583E-07   0.582E-07   0.580E-07   0.577E-07   0.573E-07   0.568E-07   0.561E-07   0.552E-07   0.542E-07   0.530E-07
   17.700   0.589E-07   0.588E-07   0.587E-07   0.585E-07   0.582E-07   0.577E-07   0.571E-07   0.564E-07   0.555E-07   0.544E-07   0.531E-07
   17.800   0.594E-07   0.593E-07   0.592E-07   0.590E-07   0.586E-07   0.581E-07   0.575E-07   0.567E-07   0.557E-07   0.546E-07   0.533E-07
   17.900   0.599E-07   0.598E-07   0.597E-07   0.594E-07   0.590E-07   0.585E-07   0.578E-07   0.569E-07   0.559E-07   0.547E-07   0.534E-07
   18.000   0.604E-07   0.603E-07   0.601E-07   0.598E-07   0.594E-07   0.588E-07   0.581E-07   0.572E-07   0.561E-07   0.549E-07   0.535E-07
   18.100   0.608E-07   0.607E-07   0.606E-07   0.602E-07   0.598E-07   0.592E-07   0.584E-07   0.574E-07   0.563E-07   0.550E-07   0.536E-07
   18.200   0.612E-07   0.612E-07   0.610E-07   0.606E-07   0.601E-07   0.595E-07   0.587E-07   0.577E-07   0.565E-07   0.551E-07   0.537E-07
   18.300   0.617E-07   0.616E-07   0.614E-07   0.610E-07   0.605E-07   0.598E-07   0.589E-07   0.579E-07   0.566E-07   0.553E-07   0.537E-07
   18.400   0.621E-07   0.620E-07   0.617E-07   0.614E-07   0.608E-07   0.601E-07   0.591E-07   0.581E-07   0.568E-07   0.554E-07   0.538E-07
   18.500   0.624E-07   0.623E-07   0.621E-07   0.617E-07   0.611E-07   0.603E-07   0.594E-07   0.582E-07   0.569E-07   0.554E-07   0.538E-07
   18.600   0.628E-07   0.627E-07   0.624E-07   0.620E-07   0.614E-07   0.606E-07   0.596E-07   0.584E-07   0.570E-07   0.555E-07   0.538E-07
   18.700   0.631E-07   0.630E-07   0.627E-07   0.623E-07   0.616E-07   0.608E-07   0.597E-07   0.585E-07   0.571E-07   0.556E-07   0.539E-07
   18.800   0.634E-07   0.633E-07   0.630E-07   0.625E-07   0.619E-07   0.610E-07   0.599E-07   0.586E-07   0.572E-07   0.556E-07   0.539E-07
   18.900   0.637E-07   0.636E-07   0.633E-07   0.628E-07   0.621E-07   0.612E-07   0.600E-07   0.587E-07   0.573E-07   0.556E-07   0.538E-07
   19.000   0.640E-07   0.639E-07   0.635E-07   0.630E-07   0.623E-07   0.613E-07   0.602E-07   0.588E-07   0.573E-07   0.556E-07   0.538E-07
   19.100   0.642E-07   0.641E-07   0.638E-07   0.632E-07   0.624E-07   0.615E-07   0.603E-07   0.589E-07   0.573E-07   0.556E-07   0.538E-07
   19.200   0.644E-07   0.643E-07   0.640E-07   0.634E-07   0.626E-07   0.616E-07   0.604E-07   0.589E-07   0.574E-07   0.556E-07   0.537E-07
   19.300   0.646E-07   0.645E-07   0.642E-07   0.636E-07   0.627E-07   0.617E-07   0.604E-07   0.590E-07   0.574E-07   0.556E-07   0.537E-07
   19.400   0.648E-07   0.647E-07   0.643E-07   0.637E-07   0.628E-07   0.618E-07   0.605E-07   0.590E-07   0.573E-07   0.555E-07   0.536E-07
   19.500   0.650E-07   0.648E-07   0.644E-07   0.638E-07   0.629E-07   0.618E-07   0.605E-07   0.590E-07   0.573E-07   0.555E-07   0.535E-07
   19.600   0.651E-07   0.649E-07   0.646E-07   0.639E-07   0.630E-07   0.619E-07   0.605E-07   0.590E-07   0.573E-07   0.554E-07   0.534E-07
   19.700   0.652E-07   0.651E-07   0.646E-07   0.640E-07   0.631E-07   0.619E-07   0.605E-07   0.590E-07   0.572E-07   0.553E-07   0.533E-07
   19.800   0.653E-07   0.651E-07   0.647E-07   0.640E-07   0.631E-07   0.619E-07   0.605E-07   0.589E-07   0.571E-07   0.552E-07   0.532E-07
   19.900   0.653E-07   0.652E-07   0.648E-07   0.641E-07   0.631E-07   0.619E-07   0.605E-07   0.589E-07   0.571E-07   0.551E-07   0.531E-07
   20.000   0.654E-07   0.652E-07   0.648E-07   0.641E-07   0.631E-07   0.619E-07   0.604E-07   0.588E-07   0.570E-07   0.550E-07   0.530E-07
   20.100   0.654E-07   0.652E-07   0.648E-07   0.641E-07   0.631E-07   0.618E-07   0.604E-07   0.587E-07   0.569E-07   0.549E-07   0.528E-07
   20.200   0.654E-07   0.652E-07   0.648E-07   0.640E-07   0.630E-07   0.618E-07   0.603E-07   0.586E-07   0.567E-07   0.547E-07   0.527E-07
   20.300   0.654E-07   0.652E-07   0.648E-07   0.640E-07   0.630E-07   0.617E-07   0.602E-07   0.585E-07   0.566E-07   0.546E-07   0.525E-07
   20.400   0.653E-07   0.652E-07   0.647E-07   0.639E-07   0.629E-07   0.616E-07   0.601E-07   0.583E-07   0.564E-07   0.544E-07   0.523E-07
   20.500   0.652E-07   0.651E-07   0.646E-07   0.638E-07   0.628E-07   0.615E-07   0.599E-07   0.582E-07   0.563E-07   0.543E-07   0.521E-07
   20.600   0.652E-07   0.650E-07   0.645E-07   0.637E-07   0.627E-07   0.614E-07   0.598E-07   0.580E-07   0.561E-07   0.541E-07   0.519E-07
   20.700   0.651E-07   0.649E-07   0.644E-07   0.636E-07   0.625E-07   0.612E-07   0.596E-07   0.579E-07   0.559E-07   0.539E-07   0.517E-07
   20.800   0.649E-07   0.648E-07   0.643E-07   0.635E-07   0.624E-07   0.610E-07   0.595E-07   0.577E-07   0.557E-07   0.537E-07   0.515E-07
   20.900   0.648E-07   0.646E-07   0.641E-07   0.633E-07   0.622E-07   0.609E-07   0.593E-07   0.575E-07   0.555E-07   0.535E-07   0.513E-07
   21.000   0.646E-07   0.645E-07   0.640E-07   0.632E-07   0.621E-07   0.607E-07   0.591E-07   0.573E-07   0.553E-07   0.533E-07   0.511E-07
   21.100   0.644E-07   0.643E-07   0.638E-07   0.630E-07   0.619E-07   0.605E-07   0.589E-07   0.571E-07   0.551E-07   0.530E-07   0.509E-07
   21.200   0.642E-07   0.641E-07   0.636E-07   0.628E-07   0.616E-07   0.603E-07   0.586E-07   0.568E-07   0.549E-07   0.528E-07   0.507E-07
   21.300   0.640E-07   0.639E-07   0.634E-07   0.625E-07   0.614E-07   0.600E-07   0.584E-07   0.566E-07   0.546E-07   0.526E-07   0.504E-07
   21.400   0.638E-07   0.636E-07   0.631E-07   0.623E-07   0.612E-07   0.598E-07   0.582E-07   0.564E-07   0.544E-07   0.523E-07   0.502E-07
   21.500   0.636E-07   0.634E-07   0.629E-07   0.621E-07   0.609E-07   0.595E-07   0.579E-07   0.561E-07   0.541E-07   0.521E-07   0.499E-07
   21.600   0.633E-07   0.631E-07   0.626E-07   0.618E-07   0.607E-07   0.593E-07   0.576E-07   0.558E-07   0.539E-07   0.518E-07   0.497E-07
   21.700   0.630E-07   0.629E-07   0.624E-07   0.615E-07   0.604E-07   0.590E-07   0.574E-07   0.556E-07   0.536E-07   0.515E-07   0.494E-07
   21.800   0.627E-07   0.626E-07   0.621E-07   0.612E-07   0.601E-07   0.587E-07   0.571E-07   0.553E-07   0.533E-07   0.513E-07   0.491E-07
   21.900   0.624E-07   0.623E-07   0.618E-07   0.609E-07   0.598E-07   0.584E-07   0.568E-07   0.550E-07   0.530E-07   0.510E-07   0.489E-07
   22.000   0.621E-07   0.620E-07   0.615E-07   0.606E-07   0.595E-07   0.581E-07   0.565E-07   0.547E-07   0.527E-07   0.507E-07   0.486E-07
   22.100   0.618E-07   0.616E-07   0.611E-07   0.603E-07   0.592E-07   0.578E-07   0.562E-07   0.544E-07   0.525E-07   0.504E-07   0.483E-07
   22.200   0.615E-07   0.613E-07   0.608E-07   0.600E-07   0.589E-07   0.575E-07   0.559E-07   0.541E-07   0.522E-07   0.501E-07   0.480E-07
   22.300   0.611E-07   0.610E-07   0.605E-07   0.596E-07   0.585E-07   0.571E-07   0.555E-07   0.538E-07   0.518E-07   0.498E-07   0.477E-07
   22.400   0.608E-07   0.606E-07   0.601E-07   0.593E-07   0.582E-07   0.568E-07   0.552E-07   0.534E-07   0.515E-07   0.495E-07   0.475E-07
   22.500   0.604E-07   0.602E-07   0.597E-07   0.589E-07   0.578E-07   0.565E-07   0.549E-07   0.531E-07   0.512E-07   0.492E-07   0.472E-07
   22.600   0.600E-07   0.599E-07   0.594E-07   0.586E-07   0.575E-07   0.561E-07   0.545E-07   0.528E-07   0.509E-07   0.489E-07   0.469E-07
   22.700   0.597E-07   0.595E-07   0.590E-07   0.582E-07   0.571E-07   0.557E-07   0.542E-07   0.524E-07   0.506E-07   0.486E-07   0.466E-07
   22.800   0.593E-07   0.591E-07   0.586E-07   0.578E-07   0.567E-07   0.554E-07   0.538E-07   0.521E-07   0.502E-07   0.483E-07   0.463E-07
   22.900   0.589E-07   0.587E-07   0.582E-07   0.574E-07   0.563E-07   0.550E-07   0.535E-07   0.518E-07   0.499E-07   0.480E-07   0.460E-07
   23.000   0.585E-07   0.583E-07   0.578E-07   0.570E-07   0.560E-07   0.546E-07   0.531E-07   0.514E-07   0.496E-07   0.476E-07   0.457E-07
   23.100   0.581E-07   0.579E-07   0.574E-07   0.566E-07   0.556E-07   0.543E-07   0.527E-07   0.511E-07   0.492E-07   0.473E-07   0.454E-07
   23.200   0.576E-07   0.575E-07   0.570E-07   0.562E-07   0.552E-07   0.539E-07   0.524E-07   0.507E-07   0.489E-07   0.470E-07   0.450E-07
   23.300   0.572E-07   0.571E-07   0.566E-07   0.558E-07   0.548E-07   0.535E-07   0.520E-07   0.503E-07   0.486E-07   0.467E-07   0.447E-07
   23.400   0.568E-07   0.566E-07   0.562E-07   0.554E-07   0.544E-07   0.531E-07   0.516E-07   0.500E-07   0.482E-07   0.463E-07   0.444E-07
   23.500   0.564E-07   0.562E-07   0.558E-07   0.550E-07   0.540E-07   0.527E-07   0.512E-07   0.496E-07   0.479E-07   0.460E-07   0.441E-07
   23.600   0.559E-07   0.558E-07   0.553E-07   0.546E-07   0.536E-07   0.523E-07   0.509E-07   0.493E-07   0.475E-07   0.457E-07   0.438E-07
   23.700   0.555E-07   0.553E-07   0.549E-07   0.542E-07   0.532E-07   0.519E-07   0.505E-07   0.489E-07   0.472E-07   0.454E-07   0.435E-07
   23.800   0.551E-07   0.549E-07   0.545E-07   0.537E-07   0.527E-07   0.515E-07   0.501E-07   0.485E-07   0.468E-07   0.450E-07   0.432E-07
   23.900   0.546E-07   0.545E-07   0.540E-07   0.533E-07   0.523E-07   0.511E-07   0.497E-07   0.482E-07   0.465E-07   0.447E-07   0.429E-07
   24.000   0.542E-07   0.540E-07   0.536E-07   0.529E-07   0.519E-07   0.507E-07   0.493E-07   0.478E-07   0.461E-07   0.444E-07   0.426E-07
   24.100   0.537E-07   0.536E-07   0.532E-07   0.524E-07   0.515E-07   0.503E-07   0.489E-07   0.474E-07   0.458E-07   0.440E-07   0.422E-07
   24.200   0.533E-07   0.531E-07   0.527E-07   0.520E-07   0.511E-07   0.499E-07   0.486E-07   0.470E-07   0.454E-07   0.437E-07   0.419E-07
   24.300   0.528E-07   0.527E-07   0.523E-07   0.516E-07   0.507E-07   0.495E-07   0.482E-07   0.467E-07   0.451E-07   0.434E-07   0.416E-07
   24.400   0.524E-07   0.522E-07   0.518E-07   0.512E-07   0.502E-07   0.491E-07   0.478E-07   0.463E-07   0.447E-07   0.430E-07   0.413E-07
   24.500   0.519E-07   0.518E-07   0.514E-07   0.507E-07   0.498E-07   0.487E-07   0.474E-07   0.459E-07   0.444E-07   0.427E-07   0.410E-07
   24.600   0.515E-07   0.514E-07   0.509E-07   0.503E-07   0.494E-07   0.483E-07   0.470E-07   0.456E-07   0.440E-07   0.424E-07   0.407E-07
   24.700   0.510E-07   0.509E-07   0.505E-07   0.499E-07   0.490E-07   0.479E-07   0.466E-07   0.452E-07   0.437E-07   0.420E-07   0.404E-07
   24.800   0.506E-07   0.505E-07   0.501E-07   0.494E-07   0.485E-07   0.475E-07   0.462E-07   0.448E-07   0.433E-07   0.417E-07   0.401E-07
   24.900   0.501E-07   0.500E-07   0.496E-07   0.490E-07   0.481E-07   0.471E-07   0.458E-07   0.444E-07   0.430E-07   0.414E-07   0.397E-07
   25.000   0.497E-07   0.496E-07   0.492E-07   0.486E-07   0.477E-07   0.467E-07   0.454E-07   0.441E-07   0.426E-07   0.410E-07   0.394E-07
   25.100   0.492E-07   0.491E-07   0.487E-07   0.481E-07   0.473E-07   0.463E-07   0.451E-07   0.437E-07   0.423E-07   0.407E-07   0.391E-07
   25.200   0.488E-07   0.487E-07   0.483E-07   0.477E-07   0.469E-07   0.459E-07   0.447E-07   0.433E-07   0.419E-07   0.404E-07   0.388E-07
   25.300   0.484E-07   0.482E-07   0.479E-07   0.473E-07   0.465E-07   0.455E-07   0.443E-07   0.430E-07   0.416E-07   0.401E-07   0.385E-07
   25.400   0.479E-07   0.478E-07   0.474E-07   0.468E-07   0.460E-07   0.451E-07   0.439E-07   0.426E-07   0.412E-07   0.397E-07   0.382E-07
   25.500   0.475E-07   0.474E-07   0.470E-07   0.464E-07   0.456E-07   0.447E-07   0.435E-07   0.423E-07   0.409E-07   0.394E-07   0.379E-07
   25.600   0.470E-07   0.469E-07   0.466E-07   0.460E-07   0.452E-07   0.443E-07   0.431E-07   0.419E-07   0.405E-07   0.391E-07   0.376E-07
   25.700   0.466E-07   0.465E-07   0.461E-07   0.456E-07   0.448E-07   0.439E-07   0.428E-07   0.415E-07   0.402E-07   0.388E-07   0.373E-07
   25.800   0.462E-07   0.460E-07   0.457E-07   0.452E-07   0.444E-07   0.435E-07   0.424E-07   0.412E-07   0.399E-07   0.385E-07   0.370E-07
   25.900   0.457E-07   0.456E-07   0.453E-07   0.447E-07   0.440E-07   0.431E-07   0.420E-07   0.408E-07   0.395E-07   0.382E-07   0.367E-07
   26.000   0.453E-07   0.452E-07   0.449E-07   0.443E-07   0.436E-07   0.427E-07   0.417E-07   0.405E-07   0.392E-07   0.378E-07   0.364E-07
   26.100   0.449E-07   0.448E-07   0.444E-07   0.439E-07   0.432E-07   0.423E-07   0.413E-07   0.401E-07   0.389E-07   0.375E-07   0.361E-07
   26.200   0.445E-07   0.443E-07   0.440E-07   0.435E-07   0.428E-07   0.419E-07   0.409E-07   0.398E-07   0.385E-07   0.372E-07   0.358E-07
   26.300   0.440E-07   0.439E-07   0.436E-07   0.431E-07   0.424E-07   0.416E-07   0.406E-07   0.394E-07   0.382E-07   0.369E-07   0.356E-07
   26.400   0.436E-07   0.435E-07   0.432E-07   0.427E-07   0.420E-07   0.412E-07   0.402E-07   0.391E-07   0.379E-07   0.366E-07   0.353E-07
   26.500   0.432E-07   0.431E-07   0.428E-07   0.423E-07   0.416E-07   0.408E-07   0.398E-07   0.388E-07   0.376E-07   0.363E-07   0.350E-07
   26.600   0.428E-07   0.427E-07   0.424E-07   0.419E-07   0.413E-07   0.404E-07   0.395E-07   0.384E-07   0.372E-07   0.360E-07   0.347E-07
   26.700   0.424E-07   0.423E-07   0.420E-07   0.415E-07   0.409E-07   0.401E-07   0.391E-07   0.381E-07   0.369E-07   0.357E-07   0.344E-07
   26.800   0.420E-07   0.419E-07   0.416E-07   0.411E-07   0.405E-07   0.397E-07   0.388E-07   0.377E-07   0.366E-07   0.354E-07   0.341E-07
   26.900   0.416E-07   0.415E-07   0.412E-07   0.407E-07   0.401E-07   0.393E-07   0.384E-07   0.374E-07   0.363E-07   0.351E-07   0.339E-07
   27.000   0.412E-07   0.411E-07   0.408E-07   0.404E-07   0.397E-07   0.390E-07   0.381E-07   0.371E-07   0.360E-07   0.348E-07   0.336E-07
   27.100   0.408E-07   0.407E-07   0.404E-07   0.400E-07   0.394E-07   0.386E-07   0.378E-07   0.368E-07   0.357E-07   0.345E-07   0.333E-07
   27.200   0.404E-07   0.403E-07   0.400E-07   0.396E-07   0.390E-07   0.383E-07   0.374E-07   0.364E-07   0.354E-07   0.342E-07   0.330E-07
   27.300   0.400E-07   0.399E-07   0.397E-07   0.392E-07   0.387E-07   0.379E-07   0.371E-07   0.361E-07   0.351E-07   0.339E-07   0.328E-07
   27.400   0.396E-07   0.395E-07   0.393E-07   0.389E-07   0.383E-07   0.376E-07   0.367E-07   0.358E-07   0.348E-07   0.337E-07   0.325E-07
   27.500   0.392E-07   0.392E-07   0.389E-07   0.385E-07   0.379E-07   0.372E-07   0.364E-07   0.355E-07   0.345E-07   0.334E-07   0.322E-07
   27.600   0.389E-07   0.388E-07   0.385E-07   0.381E-07   0.376E-07   0.369E-07   0.361E-07   0.352E-07   0.342E-07   0.331E-07   0.320E-07
   27.700   0.385E-07   0.384E-07   0.382E-07   0.378E-07   0.372E-07   0.366E-07   0.358E-07   0.349E-07   0.339E-07   0.328E-07   0.317E-07
   27.800   0.381E-07   0.380E-07   0.378E-07   0.374E-07   0.369E-07   0.362E-07   0.354E-07   0.346E-07   0.336E-07   0.325E-07   0.315E-07
   27.900   0.378E-07   0.377E-07   0.375E-07   0.371E-07   0.365E-07   0.359E-07   0.351E-07   0.343E-07   0.333E-07   0.323E-07   0.312E-07
   28.000   0.374E-07   0.373E-07   0.371E-07   0.367E-07   0.362E-07   0.356E-07   0.348E-07   0.340E-07   0.330E-07   0.320E-07   0.309E-07
   28.100   0.370E-07   0.370E-07   0.367E-07   0.364E-07   0.359E-07   0.352E-07   0.345E-07   0.337E-07   0.327E-07   0.317E-07   0.307E-07
   28.200   0.367E-07   0.366E-07   0.364E-07   0.360E-07   0.355E-07   0.349E-07   0.342E-07   0.334E-07   0.325E-07   0.315E-07   0.304E-07
   28.300   0.363E-07   0.363E-07   0.361E-07   0.357E-07   0.352E-07   0.346E-07   0.339E-07   0.331E-07   0.322E-07   0.312E-07   0.302E-07
   28.400   0.360E-07   0.359E-07   0.357E-07   0.354E-07   0.349E-07   0.343E-07   0.336E-07   0.328E-07   0.319E-07   0.310E-07   0.300E-07
   28.500   0.357E-07   0.356E-07   0.354E-07   0.350E-07   0.346E-07   0.340E-07   0.333E-07   0.325E-07   0.316E-07   0.307E-07   0.297E-07
   28.600   0.353E-07   0.352E-07   0.350E-07   0.347E-07   0.342E-07   0.337E-07   0.330E-07   0.322E-07   0.314E-07   0.304E-07   0.295E-07
   28.700   0.350E-07   0.349E-07   0.347E-07   0.344E-07   0.339E-07   0.334E-07   0.327E-07   0.319E-07   0.311E-07   0.302E-07   0.292E-07
   28.800   0.346E-07   0.346E-07   0.344E-07   0.341E-07   0.336E-07   0.331E-07   0.324E-07   0.316E-07   0.308E-07   0.299E-07   0.290E-07
   28.900   0.343E-07   0.343E-07   0.341E-07   0.337E-07   0.333E-07   0.328E-07   0.321E-07   0.314E-07   0.306E-07   0.297E-07   0.288E-07
   29.000   0.340E-07   0.339E-07   0.337E-07   0.334E-07   0.330E-07   0.325E-07   0.318E-07   0.311E-07   0.303E-07   0.294E-07   0.285E-07
   29.100   0.337E-07   0.336E-07   0.334E-07   0.331E-07   0.327E-07   0.322E-07   0.315E-07   0.308E-07   0.300E-07   0.292E-07   0.283E-07
   29.200   0.334E-07   0.333E-07   0.331E-07   0.328E-07   0.324E-07   0.319E-07   0.313E-07   0.306E-07   0.298E-07   0.290E-07   0.281E-07
   29.300   0.330E-07   0.330E-07   0.328E-07   0.325E-07   0.321E-07   0.316E-07   0.310E-07   0.303E-07   0.295E-07   0.287E-07   0.278E-07
   29.400   0.327E-07   0.327E-07   0.325E-07   0.322E-07   0.318E-07   0.313E-07   0.307E-07   0.300E-07   0.293E-07   0.285E-07   0.276E-07
   29.500   0.324E-07   0.324E-07   0.322E-07   0.319E-07   0.315E-07   0.310E-07   0.304E-07   0.298E-07   0.290E-07   0.282E-07   0.274E-07
   29.600   0.321E-07   0.321E-07   0.319E-07   0.316E-07   0.312E-07   0.308E-07   0.302E-07   0.295E-07   0.288E-07   0.280E-07   0.272E-07
   29.700   0.318E-07   0.318E-07   0.316E-07   0.313E-07   0.310E-07   0.305E-07   0.299E-07   0.293E-07   0.286E-07   0.278E-07   0.270E-07
   29.800   0.315E-07   0.315E-07   0.313E-07   0.310E-07   0.307E-07   0.302E-07   0.297E-07   0.290E-07   0.283E-07   0.276E-07   0.268E-07
   29.900   0.312E-07   0.312E-07   0.310E-07   0.308E-07   0.304E-07   0.299E-07   0.294E-07   0.288E-07   0.281E-07   0.273E-07   0.265E-07
   30.000   0.310E-07   0.309E-07   0.307E-07   0.305E-07   0.301E-07   0.297E-07   0.291E-07   0.285E-07   0.278E-07   0.271E-07   0.263E-07
